10 0.1 10 12806 272
10 0.1 5 17461 272
10 0.1 6 11343 272
10 0.1 7 10070 272
10 0.1 8 9315 272
10 0.1 9 11042 272
10 0.2 10 8024 272
10 0.2 5 7673 272
10 0.2 6 8442 272
10 0.2 7 10676 272
10 0.2 8 8822 272
10 0.2 9 9625 272
10 0.3 10 9064 272
10 0.3 5 9245 272
10 0.3 6 8724 272
10 0.3 7 16548 272
10 0.3 8 9700 272
10 0.3 9 10703 272
10 0.4 10 8920 272
10 0.4 5 9843 272
10 0.4 6 14203 272
10 0.4 7 8163 272
10 0.4 8 10516 272
10 0.4 9 10819 272
10 0.5 10 8843 272
10 0.5 5 8635 272
10 0.5 6 9674 272
10 0.5 7 10251 272
10 0.5 8 11228 272
10 0.5 9 8594 272
10 0.6 10 11109 272
10 0.6 5 8678 272
10 0.6 6 9138 272
10 0.6 7 9301 272
10 0.6 8 10413 272
10 0.6 9 8758 272
10 0.7 10 8721 272
10 0.7 5 9985 272
10 0.7 6 9016 272
10 0.7 7 8621 272
10 0.7 8 9772 272
10 0.7 9 12997 272
10 0.8 10 10675 272
10 0.8 5 8022 272
10 0.8 6 10048 272
10 0.8 7 9589 272
10 0.8 8 10369 272
10 0.8 9 10332 272
10 0.9 10 8990 272
10 0.9 5 10461 272
10 0.9 6 12715 272
10 0.9 7 8642 272
10 0.9 8 10184 272
10 0.9 9 9844 272
10 0.1 10 9926 641
10 0.1 5 9769 641
10 0.1 6 8910 641
10 0.1 7 10028 641
10 0.1 8 11735 641
10 0.1 9 11197 641
10 0.2 10 11985 641
10 0.2 5 11431 641
10 0.2 6 10273 641
10 0.2 7 15906 641
10 0.2 8 9124 641
10 0.2 9 8691 641
10 0.3 10 8397 641
10 0.3 5 10581 641
10 0.3 6 11352 641
10 0.3 7 12103 641
10 0.3 8 9651 641
10 0.3 9 11929 641
10 0.4 10 11268 641
10 0.4 5 19575 641
10 0.4 6 9152 641
10 0.4 7 12100 641
10 0.4 8 9017 641
10 0.4 9 11598 641
10 0.5 10 11633 641
10 0.5 5 8406 641
10 0.5 6 9607 641
10 0.5 7 9081 641
10 0.5 8 9668 641
10 0.5 9 10174 641
10 0.6 10 11059 641
10 0.6 5 8555 641
10 0.6 6 9718 641
10 0.6 7 8405 641
10 0.6 8 8689 641
10 0.6 9 8652 641
10 0.7 10 10352 641
10 0.7 5 9095 641
10 0.7 6 9658 641
10 0.7 7 10516 641
10 0.7 8 8640 641
10 0.7 9 9095 641
10 0.8 10 11257 641
10 0.8 5 11184 641
10 0.8 6 8766 641
10 0.8 7 8920 641
10 0.8 8 8629 641
10 0.8 9 11189 641
10 0.9 10 8964 641
10 0.9 5 9404 641
10 0.9 6 11596 641
10 0.9 7 12156 641
10 0.9 8 11819 641
10 0.9 9 11612 641
10 0.1 10 6977 197
10 0.1 5 8138 197
10 0.1 6 8733 197
10 0.1 7 11293 197
10 0.1 8 8386 197
10 0.1 9 13304 197
10 0.2 10 11182 197
10 0.2 5 13762 197
10 0.2 6 9696 197
10 0.2 7 7187 197
10 0.2 8 10972 197
10 0.2 9 9244 197
10 0.3 10 10925 197
10 0.3 5 9857 197
10 0.3 6 8066 197
10 0.3 7 8191 197
10 0.3 8 8602 197
10 0.3 9 17389 197
10 0.4 10 8132 197
10 0.4 5 8595 197
10 0.4 6 9122 197
10 0.4 7 6995 197
10 0.4 8 8431 197
10 0.4 9 6724 197
10 0.5 10 8038 197
10 0.5 5 7433 197
10 0.5 6 8706 197
10 0.5 7 6055 197
10 0.5 8 6549 197
10 0.5 9 6966 197
10 0.6 10 6374 197
10 0.6 5 14896 197
10 0.6 6 6596 197
10 0.6 7 7572 197
10 0.6 8 7193 197
10 0.6 9 6973 197
10 0.7 10 7683 197
10 0.7 5 7417 197
10 0.7 6 7899 197
10 0.7 7 5990 197
10 0.7 8 6108 197
10 0.7 9 6201 197
10 0.8 10 7261 197
10 0.8 5 7632 197
10 0.8 6 6087 197
10 0.8 7 5880 197
10 0.8 8 8724 197
10 0.8 9 7877 197
10 0.9 10 6643 197
10 0.9 5 5935 197
10 0.9 6 6158 197
10 0.9 7 6372 197
10 0.9 8 7872 197
10 0.9 9 6603 197
10 0.1 10 8367 250
10 0.1 5 8144 250
10 0.1 6 7957 250
10 0.1 7 8082 250
10 0.1 8 7739 250
10 0.1 9 9461 250
10 0.2 10 9980 250
10 0.2 5 8191 250
10 0.2 6 9309 250
10 0.2 7 7670 250
10 0.2 8 10446 250
10 0.2 9 11375 250
10 0.3 10 10477 250
10 0.3 5 9121 250
10 0.3 6 9263 250
10 0.3 7 9113 250
10 0.3 8 9505 250
10 0.3 9 10059 250
10 0.4 10 10049 250
10 0.4 5 8158 250
10 0.4 6 9566 250
10 0.4 7 10230 250
10 0.4 8 9013 250
10 0.4 9 11588 250
10 0.5 10 10282 250
10 0.5 5 9984 250
10 0.5 6 8560 250
10 0.5 7 10292 250
10 0.5 8 9764 250
10 0.5 9 8778 250
10 0.6 10 7669 250
10 0.6 5 10213 250
10 0.6 6 7281 250
10 0.6 7 10476 250
10 0.6 8 10512 250
10 0.6 9 8148 250
10 0.7 10 10534 250
10 0.7 5 10363 250
10 0.7 6 10016 250
10 0.7 7 9653 250
10 0.7 8 10062 250
10 0.7 9 11315 250
10 0.8 10 10593 250
10 0.8 5 8957 250
10 0.8 6 9538 250
10 0.8 7 7633 250
10 0.8 8 10872 250
10 0.8 9 10858 250
10 0.9 10 14064 250
10 0.9 5 10847 250
10 0.9 6 10136 250
10 0.9 7 10124 250
10 0.9 8 9364 250
10 0.9 9 8298 250
10 0.1 10 9790 421
10 0.1 5 9235 421
10 0.1 6 10230 421
10 0.1 7 14111 421
10 0.1 8 12522 421
10 0.1 9 10647 421
10 0.2 10 10111 421
10 0.2 5 10260 421
10 0.2 6 9788 421
10 0.2 7 9345 421
10 0.2 8 8950 421
10 0.2 9 9414 421
10 0.3 10 10675 421
10 0.3 5 12328 421
10 0.3 6 10389 421
10 0.3 7 9589 421
10 0.3 8 9295 421
10 0.3 9 9740 421
10 0.4 10 9101 421
10 0.4 5 11951 421
10 0.4 6 16454 421
10 0.4 7 12530 421
10 0.4 8 13267 421
10 0.4 9 11992 421
10 0.5 10 9742 421
10 0.5 5 9075 421
10 0.5 6 12357 421
10 0.5 7 12110 421
10 0.5 8 10095 421
10 0.5 9 9811 421
10 0.6 10 10181 421
10 0.6 5 9862 421
10 0.6 6 13278 421
10 0.6 7 9767 421
10 0.6 8 12776 421
10 0.6 9 9797 421
10 0.7 10 9692 421
10 0.7 5 10494 421
10 0.7 6 12297 421
10 0.7 7 11761 421
10 0.7 8 9925 421
10 0.7 9 13381 421
10 0.8 10 13195 421
10 0.8 5 9056 421
10 0.8 6 14655 421
10 0.8 7 12516 421
10 0.8 8 11674 421
10 0.8 9 12475 421
10 0.9 10 9809 421
10 0.9 5 10418 421
10 0.9 6 12325 421
10 0.9 7 10124 421
10 0.9 8 10831 421
10 0.9 9 10354 421
20 0.1 10 68994 628
20 0.1 5 65812 628
20 0.1 6 61587 628
20 0.1 7 68175 628
20 0.1 8 63413 628
20 0.1 9 71265 628
20 0.2 10 58954 628
20 0.2 5 60154 628
20 0.2 6 61790 628
20 0.2 7 58483 628
20 0.2 8 60494 628
20 0.2 9 74495 628
20 0.3 10 69878 628
20 0.3 5 68854 628
20 0.3 6 63675 628
20 0.3 7 69344 628
20 0.3 8 63912 628
20 0.3 9 58876 628
20 0.4 10 62029 628
20 0.4 5 59672 628
20 0.4 6 57152 628
20 0.4 7 63060 628
20 0.4 8 59704 628
20 0.4 9 62162 628
20 0.5 10 52036 628
20 0.5 5 54768 628
20 0.5 6 65554 628
20 0.5 7 61791 628
20 0.5 8 58554 628
20 0.5 9 59642 628
20 0.6 10 59788 628
20 0.6 5 58692 628
20 0.6 6 64939 628
20 0.6 7 80842 628
20 0.6 8 56912 628
20 0.6 9 73622 628
20 0.7 10 73704 628
20 0.7 5 82021 628
20 0.7 6 73758 628
20 0.7 7 77126 628
20 0.7 8 59703 628
20 0.7 9 56346 628
20 0.8 10 60740 628
20 0.8 5 65586 628
20 0.8 6 52515 628
20 0.8 7 55274 628
20 0.8 8 56764 628
20 0.8 9 60156 628
20 0.9 10 57013 628
20 0.9 5 55185 628
20 0.9 6 55477 628
20 0.9 7 67051 628
20 0.9 8 54874 628
20 0.9 9 56009 628
20 0.1 10 58898 632
20 0.1 5 53770 632
20 0.1 6 44260 632
20 0.1 7 70961 632
20 0.1 8 55192 632
20 0.1 9 45355 632
20 0.2 10 50560 693
20 0.2 5 44972 693
20 0.2 6 50642 693
20 0.2 7 44990 693
20 0.2 8 49042 693
20 0.2 9 51810 693
20 0.3 10 43151 693
20 0.3 5 47095 693
20 0.3 6 52835 693
20 0.3 7 55812 693
20 0.3 8 52097 693
20 0.3 9 47845 693
20 0.4 10 48984 693
20 0.4 5 54185 693
20 0.4 6 50664 693
20 0.4 7 48069 693
20 0.4 8 52751 693
20 0.4 9 43871 693
20 0.5 10 41044 693
20 0.5 5 47098 693
20 0.5 6 49080 693
20 0.5 7 50463 693
20 0.5 8 47793 693
20 0.5 9 50364 693
20 0.6 10 56880 693
20 0.6 5 57089 693
20 0.6 6 55169 693
20 0.6 7 48218 693
20 0.6 8 52918 693
20 0.6 9 54010 693
20 0.7 10 51380 693
20 0.7 5 48802 693
20 0.7 6 48936 693
20 0.7 7 54041 693
20 0.7 8 54655 693
20 0.7 9 51954 693
20 0.8 10 57567 693
20 0.8 5 59442 693
20 0.8 6 56720 693
20 0.8 7 80442 693
20 0.8 8 48976 693
20 0.8 9 55962 693
20 0.9 10 45807 693
20 0.9 5 56536 693
20 0.9 6 50509 693
20 0.9 7 49364 693
20 0.9 8 49468 693
20 0.9 9 46317 693
20 0.1 10 54978 642
20 0.1 5 76394 642
20 0.1 6 57112 642
20 0.1 7 54429 642
20 0.1 8 60700 642
20 0.1 9 52452 642
20 0.2 10 43935 642
20 0.2 5 52148 642
20 0.2 6 46147 642
20 0.2 7 55453 642
20 0.2 8 45969 642
20 0.2 9 52544 642
20 0.3 10 57300 642
20 0.3 5 55213 642
20 0.3 6 50806 642
20 0.3 7 54168 642
20 0.3 8 49675 642
20 0.3 9 50918 642
20 0.4 10 56984 642
20 0.4 5 62312 642
20 0.4 6 58046 642
20 0.4 7 53459 642
20 0.4 8 48346 642
20 0.4 9 54134 642
20 0.5 10 48960 642
20 0.5 5 53907 642
20 0.5 6 54501 642
20 0.5 7 53473 642
20 0.5 8 50800 642
20 0.5 9 52951 642
20 0.6 10 57150 642
20 0.6 5 51540 642
20 0.6 6 47780 642
20 0.6 7 44198 642
20 0.6 8 53882 642
20 0.6 9 57191 642
20 0.7 10 53397 642
20 0.7 5 50019 642
20 0.7 6 61586 619
20 0.7 7 63893 642
20 0.7 8 47911 642
20 0.7 9 60081 642
20 0.8 10 58959 642
20 0.8 5 48620 642
20 0.8 6 59760 642
20 0.8 7 43570 642
20 0.8 8 47167 642
20 0.8 9 52061 642
20 0.9 10 59904 642
20 0.9 5 47616 619
20 0.9 6 60654 642
20 0.9 7 54289 642
20 0.9 8 59815 619
20 0.9 9 56407 642
20 0.1 10 45107 588
20 0.1 5 43982 588
20 0.1 6 46960 588
20 0.1 7 49366 588
20 0.1 8 44371 588
20 0.1 9 43293 588
20 0.2 10 48965 588
20 0.2 5 53121 588
20 0.2 6 62159 588
20 0.2 7 51007 588
20 0.2 8 52570 588
20 0.2 9 46935 588
20 0.3 10 59319 588
20 0.3 5 51630 588
20 0.3 6 64689 588
20 0.3 7 61713 588
20 0.3 8 57233 588
20 0.3 9 56412 588
20 0.4 10 46728 588
20 0.4 5 50932 588
20 0.4 6 55258 588
20 0.4 7 48673 588
20 0.4 8 50866 588
20 0.4 9 48446 588
20 0.5 10 50984 588
20 0.5 5 50895 588
20 0.5 6 50542 588
20 0.5 7 62998 588
20 0.5 8 58796 588
20 0.5 9 47257 588
20 0.6 10 47832 588
20 0.6 5 52958 588
20 0.6 6 48802 588
20 0.6 7 49259 588
20 0.6 8 47946 588
20 0.6 9 47273 588
20 0.7 10 49328 588
20 0.7 5 46049 588
20 0.7 6 47746 588
20 0.7 7 46309 588
20 0.7 8 63589 588
20 0.7 9 58568 588
20 0.8 10 54599 588
20 0.8 5 47683 588
20 0.8 6 61071 588
20 0.8 7 57027 588
20 0.8 8 51040 588
20 0.8 9 50505 588
20 0.9 10 54704 588
20 0.9 5 60427 588
20 0.9 6 56590 588
20 0.9 7 60481 588
20 0.9 8 61682 588
20 0.9 9 61797 588
20 0.1 10 47818 546
20 0.1 5 51151 546
20 0.1 6 50496 546
20 0.1 7 42493 546
20 0.1 8 43903 546
20 0.1 9 43832 546
20 0.2 10 38283 568
20 0.2 5 42970 568
20 0.2 6 45210 568
20 0.2 7 40546 568
20 0.2 8 41016 568
20 0.2 9 49211 568
20 0.3 10 50168 568
20 0.3 5 42431 568
20 0.3 6 49936 568
20 0.3 7 53671 568
20 0.3 8 50931 568
20 0.3 9 50981 568
20 0.4 10 45923 568
20 0.4 5 42806 568
20 0.4 6 51286 568
20 0.4 7 45898 568
20 0.4 8 45388 568
20 0.4 9 48801 568
20 0.5 10 50083 568
20 0.5 5 49300 568
20 0.5 6 42086 568
20 0.5 7 41478 568
20 0.5 8 48825 568
20 0.5 9 48918 568
20 0.6 10 52488 568
20 0.6 5 68282 568
20 0.6 6 47408 568
20 0.6 7 53611 568
20 0.6 8 45186 568
20 0.6 9 50774 568
20 0.7 10 57726 568
20 0.7 5 57384 568
20 0.7 6 53619 568
20 0.7 7 48961 568
20 0.7 8 52722 568
20 0.7 9 58981 568
20 0.8 10 56566 568
20 0.8 5 54979 568
20 0.8 6 42931 568
20 0.8 7 50023 568
20 0.8 8 47752 568
20 0.8 9 43050 568
20 0.9 10 52449 568
20 0.9 5 50727 568
20 0.9 6 44594 568
20 0.9 7 56127 568
20 0.9 8 48937 568
20 0.9 9 57033 568
30 0.1 10 232011 780
30 0.1 5 212240 780
30 0.1 6 213064 780
30 0.1 7 222079 780
30 0.1 8 196492 780
30 0.1 9 210852 780
30 0.2 10 204020 780
30 0.2 5 228710 780
30 0.2 6 220175 780
30 0.2 7 228775 780
30 0.2 8 218454 780
30 0.2 9 224833 780
30 0.3 10 190412 780
30 0.3 5 205808 780
30 0.3 6 207547 780
30 0.3 7 226634 780
30 0.3 8 205751 780
30 0.3 9 231029 780
30 0.4 10 201026 780
30 0.4 5 212334 780
30 0.4 6 214027 780
30 0.4 7 210290 780
30 0.4 8 233253 780
30 0.4 9 204561 780
30 0.5 10 221923 780
30 0.5 5 212285 780
30 0.5 6 218763 780
30 0.5 7 212191 780
30 0.5 8 186180 780
30 0.5 9 225927 780
30 0.6 10 215726 780
30 0.6 5 231875 780
30 0.6 6 235457 780
30 0.6 7 195285 780
30 0.6 8 251421 780
30 0.6 9 206212 780
30 0.7 10 191183 780
30 0.7 5 221338 780
30 0.7 6 215827 780
30 0.7 7 216410 780
30 0.7 8 218320 780
30 0.7 9 208900 780
30 0.8 10 207877 780
30 0.8 5 193705 780
30 0.8 6 188866 780
30 0.8 7 191495 780
30 0.8 8 224701 780
30 0.8 9 239091 780
30 0.9 10 196262 780
30 0.9 5 210214 780
30 0.9 6 189688 780
30 0.9 7 197093 780
30 0.9 8 194459 780
30 0.9 9 208685 780
30 0.1 10 218410 1136
30 0.1 5 218073 1136
30 0.1 6 206166 1136
30 0.1 7 235638 1136
30 0.1 8 235668 1136
30 0.1 9 246563 1136
30 0.2 10 297519 1136
30 0.2 5 257857 1136
30 0.2 6 241204 1136
30 0.2 7 242533 1136
30 0.2 8 236848 1136
30 0.2 9 280781 1136
30 0.3 10 211361 1136
30 0.3 5 234459 1136
30 0.3 6 208515 1136
30 0.3 7 200681 1136
30 0.3 8 238193 1136
30 0.3 9 214907 1136
30 0.4 10 233629 1136
30 0.4 5 235908 1136
30 0.4 6 230245 1136
30 0.4 7 239656 1136
30 0.4 8 201229 1136
30 0.4 9 208578 1136
30 0.5 10 196457 1136
30 0.5 5 238992 1136
30 0.5 6 211827 1136
30 0.5 7 221419 1136
30 0.5 8 250009 1136
30 0.5 9 254973 1136
30 0.6 10 238397 1136
30 0.6 5 232225 1136
30 0.6 6 246186 1136
30 0.6 7 218920 1136
30 0.6 8 234934 1136
30 0.6 9 240280 1136
30 0.7 10 249432 1136
30 0.7 5 232692 1136
30 0.7 6 248679 1136
30 0.7 7 238774 1136
30 0.7 8 219158 1136
30 0.7 9 241782 1136
30 0.8 10 255686 1136
30 0.8 5 218342 1136
30 0.8 6 258555 1136
30 0.8 7 209064 1136
30 0.8 8 273151 1136
30 0.8 9 306220 1136
30 0.9 10 228845 1136
30 0.9 5 202467 1136
30 0.9 6 223135 1136
30 0.9 7 210830 1136
30 0.9 8 225385 1136
30 0.9 9 231329 1136
30 0.1 10 161379 1127
30 0.1 5 186911 1127
30 0.1 6 157019 1127
30 0.1 7 151526 1127
30 0.1 8 156693 1127
30 0.1 9 143147 1127
30 0.2 10 161219 1127
30 0.2 5 165113 1127
30 0.2 6 169140 1127
30 0.2 7 166015 1127
30 0.2 8 167478 1127
30 0.2 9 142320 1127
30 0.3 10 153618 1127
30 0.3 5 144896 1127
30 0.3 6 158674 1127
30 0.3 7 151363 1127
30 0.3 8 133329 1127
30 0.3 9 135222 1127
30 0.4 10 164690 1127
30 0.4 5 149600 1127
30 0.4 6 152211 1127
30 0.4 7 158084 1127
30 0.4 8 163514 1127
30 0.4 9 141538 1127
30 0.5 10 127353 1127
30 0.5 5 165411 1127
30 0.5 6 167814 1127
30 0.5 7 137320 1127
30 0.5 8 158562 1127
30 0.5 9 126755 1127
30 0.6 10 130554 1127
30 0.6 5 135602 1127
30 0.6 6 158567 1127
30 0.6 7 139397 1127
30 0.6 8 173362 1127
30 0.6 9 164716 1127
30 0.7 10 166625 1127
30 0.7 5 166128 1127
30 0.7 6 158808 1127
30 0.7 7 155220 1127
30 0.7 8 157744 1127
30 0.7 9 136455 1127
30 0.8 10 135742 1127
30 0.8 5 158586 1127
30 0.8 6 122839 1127
30 0.8 7 142127 1127
30 0.8 8 138699 1127
30 0.8 9 147156 1127
30 0.9 10 129359 1127
30 0.9 5 129288 1127
30 0.9 6 157571 1127
30 0.9 7 165598 1127
30 0.9 8 156483 1127
30 0.9 9 137080 1127
30 0.1 10 145715 605
30 0.1 5 133704 605
30 0.1 6 142876 605
30 0.1 7 143819 605
30 0.1 8 141965 605
30 0.1 9 171333 605
30 0.2 10 119202 660
30 0.2 5 129978 660
30 0.2 6 132928 660
30 0.2 7 135728 660
30 0.2 8 124722 660
30 0.2 9 126846 660
30 0.3 10 146845 765
30 0.3 5 137909 660
30 0.3 6 110748 681
30 0.3 7 133064 746
30 0.3 8 175136 660
30 0.3 9 113415 660
30 0.4 10 130779 681
30 0.4 5 146513 746
30 0.4 6 136439 754
30 0.4 7 150266 741
30 0.4 8 148272 660
30 0.4 9 131551 660
30 0.5 10 121431 660
30 0.5 5 129205 660
30 0.5 6 109934 660
30 0.5 7 128260 660
30 0.5 8 116773 660
30 0.5 9 115319 660
30 0.6 10 129442 660
30 0.6 5 136096 741
30 0.6 6 139051 660
30 0.6 7 115639 660
30 0.6 8 122607 725
30 0.6 9 120306 660
30 0.7 10 127061 660
30 0.7 5 126035 765
30 0.7 6 114081 660
30 0.7 7 123290 681
30 0.7 8 130771 741
30 0.7 9 131807 765
30 0.8 10 133134 660
30 0.8 5 133476 725
30 0.8 6 117223 741
30 0.8 7 115981 681
30 0.8 8 118523 660
30 0.8 9 120384 681
30 0.9 10 113048 681
30 0.9 5 109475 765
30 0.9 6 133183 754
30 0.9 7 133991 765
30 0.9 8 129688 660
30 0.9 9 133862 754
30 0.1 10 155105 854
30 0.1 5 154631 854
30 0.1 6 175903 854
30 0.1 7 172472 854
30 0.1 8 154405 854
30 0.1 9 161432 854
30 0.2 10 166948 854
30 0.2 5 171061 854
30 0.2 6 170322 854
30 0.2 7 169118 854
30 0.2 8 192126 854
30 0.2 9 178379 854
30 0.3 10 203083 854
30 0.3 5 175497 854
30 0.3 6 185690 854
30 0.3 7 160862 854
30 0.3 8 169132 854
30 0.3 9 169336 854
30 0.4 10 159335 854
30 0.4 5 155097 854
30 0.4 6 142668 854
30 0.4 7 173744 854
30 0.4 8 179457 854
30 0.4 9 164723 854
30 0.5 10 155146 854
30 0.5 5 152269 854
30 0.5 6 168700 854
30 0.5 7 207440 854
30 0.5 8 187316 854
30 0.5 9 200509 854
30 0.6 10 158651 854
30 0.6 5 154418 854
30 0.6 6 173282 854
30 0.6 7 154053 854
30 0.6 8 166606 854
30 0.6 9 153696 854
30 0.7 10 139278 854
30 0.7 5 144058 854
30 0.7 6 143135 854
30 0.7 7 143895 854
30 0.7 8 150861 854
30 0.7 9 166632 854
30 0.8 10 145564 854
30 0.8 5 154976 854
30 0.8 6 155514 854
30 0.8 7 147505 854
30 0.8 8 140002 854
30 0.8 9 160231 854
30 0.9 10 166429 854
30 0.9 5 173280 854
30 0.9 6 184188 854
30 0.9 7 166307 854
30 0.9 8 162698 854
30 0.9 9 215730 854
40 0.1 10 503416 1181
40 0.1 5 491080 1165
40 0.1 6 444532 1181
40 0.1 7 430143 1061
40 0.1 8 507744 1165
40 0.1 9 502826 1116
40 0.2 10 539531 1181
40 0.2 5 539443 1061
40 0.2 6 516562 1116
40 0.2 7 484373 1181
40 0.2 8 465506 1181
40 0.2 9 499591 1181
40 0.3 10 535790 1061
40 0.3 5 448747 1061
40 0.3 6 513260 1061
40 0.3 7 554670 1116
40 0.3 8 451532 1061
40 0.3 9 405042 1061
40 0.4 10 517236 1181
40 0.4 5 443571 1061
40 0.4 6 508390 1181
40 0.4 7 503645 1181
40 0.4 8 520349 1181
40 0.4 9 483098 1061
40 0.5 10 411206 1181
40 0.5 5 416757 1181
40 0.5 6 550416 1181
40 0.5 7 420335 1181
40 0.5 8 420217 1181
40 0.5 9 412093 1181
40 0.6 10 410574 1181
40 0.6 5 436650 1181
40 0.6 6 435113 1181
40 0.6 7 404672 1181
40 0.6 8 453251 1181
40 0.6 9 429724 1181
40 0.7 10 451757 1061
40 0.7 5 458221 1181
40 0.7 6 406243 1181
40 0.7 7 404189 1181
40 0.7 8 453015 1181
40 0.7 9 462802 1061
40 0.8 10 399710 1181
40 0.8 5 453577 1181
40 0.8 6 417970 1181
40 0.8 7 428975 1181
40 0.8 8 443526 1181
40 0.8 9 448691 1181
40 0.9 10 464627 1181
40 0.9 5 394358 1061
40 0.9 6 358391 1181
40 0.9 7 420872 1181
40 0.9 8 411833 1181
40 0.9 9 447061 1061
40 0.1 10 365344 1081
40 0.1 5 322996 1081
40 0.1 6 292622 1081
40 0.1 7 293923 1081
40 0.1 8 305413 1081
40 0.1 9 309285 1081
40 0.2 10 306224 1081
40 0.2 5 318938 1081
40 0.2 6 359762 1081
40 0.2 7 317218 1081
40 0.2 8 357211 1081
40 0.2 9 346730 1081
40 0.3 10 305769 1081
40 0.3 5 316783 1081
40 0.3 6 288314 1081
40 0.3 7 287673 1081
40 0.3 8 302530 1081
40 0.3 9 325748 1081
40 0.4 10 271886 1081
40 0.4 5 313274 1081
40 0.4 6 252055 1081
40 0.4 7 283655 1081
40 0.4 8 292612 1081
40 0.4 9 324420 1081
40 0.5 10 282789 1081
40 0.5 5 269293 1081
40 0.5 6 283790 1081
40 0.5 7 276367 1081
40 0.5 8 254412 1081
40 0.5 9 319137 1081
40 0.6 10 274124 1081
40 0.6 5 256895 1081
40 0.6 6 299546 1081
40 0.6 7 283508 1081
40 0.6 8 246242 1081
40 0.6 9 263609 1081
40 0.7 10 289101 1081
40 0.7 5 260748 1081
40 0.7 6 303918 1081
40 0.7 7 271223 1081
40 0.7 8 294381 1081
40 0.7 9 273985 1081
40 0.8 10 260350 1081
40 0.8 5 269751 1081
40 0.8 6 256023 1081
40 0.8 7 285970 1081
40 0.8 8 259558 1081
40 0.8 9 260398 1081
40 0.9 10 244053 1081
40 0.9 5 320853 1081
40 0.9 6 301065 1081
40 0.9 7 279523 1081
40 0.9 8 268792 1081
40 0.9 9 264497 1081
40 0.1 10 252067 946
40 0.1 5 248613 946
40 0.1 6 251059 946
40 0.1 7 233395 946
40 0.1 8 216640 946
40 0.1 9 259425 946
40 0.2 10 296514 1254
40 0.2 5 290814 1254
40 0.2 6 283440 1254
40 0.2 7 296460 1254
40 0.2 8 307331 1254
40 0.2 9 297827 1010
40 0.3 10 264724 1254
40 0.3 5 296359 1254
40 0.3 6 311226 1254
40 0.3 7 293741 1254
40 0.3 8 330848 1254
40 0.3 9 259497 1254
40 0.4 10 269728 1254
40 0.4 5 310955 1254
40 0.4 6 317483 1254
40 0.4 7 276586 1254
40 0.4 8 333422 1254
40 0.4 9 305510 1254
40 0.5 10 290074 1254
40 0.5 5 301935 1254
40 0.5 6 279407 1254
40 0.5 7 336165 1254
40 0.5 8 280649 1254
40 0.5 9 273140 1254
40 0.6 10 315809 1254
40 0.6 5 306084 1254
40 0.6 6 317211 1254
40 0.6 7 329479 1254
40 0.6 8 334353 1254
40 0.6 9 311211 1254
40 0.7 10 311935 1254
40 0.7 5 313230 1254
40 0.7 6 353322 1254
40 0.7 7 300907 1254
40 0.7 8 310152 1254
40 0.7 9 339685 1254
40 0.8 10 342284 1254
40 0.8 5 296663 1254
40 0.8 6 289326 1254
40 0.8 7 320417 1254
40 0.8 8 317173 1254
40 0.8 9 306100 1254
40 0.9 10 313478 1254
40 0.9 5 323789 1254
40 0.9 6 320908 1254
40 0.9 7 323871 1254
40 0.9 8 298772 1254
40 0.9 9 299820 1254
40 0.1 10 365348 874
40 0.1 5 358846 874
40 0.1 6 373009 874
40 0.1 7 335549 874
40 0.1 8 372132 874
40 0.1 9 377460 838
40 0.2 10 419086 874
40 0.2 5 334553 874
40 0.2 6 413409 867
40 0.2 7 378111 874
40 0.2 8 354472 874
40 0.2 9 333934 867
40 0.3 10 335139 874
40 0.3 5 349954 874
40 0.3 6 359057 1150
40 0.3 7 362703 874
40 0.3 8 331061 926
40 0.3 9 335219 871
40 0.4 10 366094 871
40 0.4 5 374968 871
40 0.4 6 332902 874
40 0.4 7 323128 874
40 0.4 8 349840 871
40 0.4 9 358072 874
40 0.5 10 355045 874
40 0.5 5 384080 874
40 0.5 6 416203 926
40 0.5 7 321221 874
40 0.5 8 356260 1150
40 0.5 9 348484 871
40 0.6 10 329453 871
40 0.6 5 349594 1150
40 0.6 6 314604 874
40 0.6 7 348915 871
40 0.6 8 310423 871
40 0.6 9 377364 871
40 0.7 10 402311 926
40 0.7 5 392617 874
40 0.7 6 311674 838
40 0.7 7 324453 838
40 0.7 8 370405 871
40 0.7 9 347999 871
40 0.8 10 323332 871
40 0.8 5 349226 871
40 0.8 6 346187 838
40 0.8 7 350394 874
40 0.8 8 360457 868
40 0.8 9 337805 1150
40 0.9 10 329504 871
40 0.9 5 338674 874
40 0.9 6 325523 874
40 0.9 7 327627 1150
40 0.9 8 351497 871
40 0.9 9 346262 871
40 0.1 10 378779 1442
40 0.1 5 345786 1442
40 0.1 6 329245 1442
40 0.1 7 350083 1442
40 0.1 8 371242 1442
40 0.1 9 392439 1442
40 0.2 10 302875 1000
40 0.2 5 366327 1442
40 0.2 6 337572 1442
40 0.2 7 337464 1442
40 0.2 8 342983 1442
40 0.2 9 323164 1442
40 0.3 10 354107 1216
40 0.3 5 362278 1216
40 0.3 6 372909 1442
40 0.3 7 335710 1442
40 0.3 8 384292 1216
40 0.3 9 333918 1442
40 0.4 10 285135 1123
40 0.4 5 368120 1216
40 0.4 6 307916 1148
40 0.4 7 332618 1442
40 0.4 8 325329 1216
40 0.4 9 308830 1148
40 0.5 10 348626 1442
40 0.5 5 379642 1442
40 0.5 6 285225 1216
40 0.5 7 355641 1123
40 0.5 8 356170 1216
40 0.5 9 289068 1000
40 0.6 10 319824 1216
40 0.6 5 348128 1216
40 0.6 6 353548 1442
40 0.6 7 320901 1442
40 0.6 8 329661 1216
40 0.6 9 343582 1216
40 0.7 10 326072 1216
40 0.7 5 297107 1216
40 0.7 6 345028 1216
40 0.7 7 334539 1216
40 0.7 8 321343 1442
40 0.7 9 307480 1216
40 0.8 10 377694 1442
40 0.8 5 307321 1216
40 0.8 6 324713 1216
40 0.8 7 295592 1442
40 0.8 8 368769 1216
40 0.8 9 358372 1216
40 0.9 10 295716 1216
40 0.9 5 320724 1216
40 0.9 6 284863 1057
40 0.9 7 293012 1000
40 0.9 8 301191 1442
40 0.9 9 299145 1059
50 0.1 10 586038 902
50 0.1 5 616757 902
50 0.1 6 600691 902
50 0.1 7 597336 902
50 0.1 8 575752 902
50 0.1 9 620899 902
50 0.2 10 650616 946
50 0.2 5 599764 920
50 0.2 6 632497 907
50 0.2 7 575620 902
50 0.2 8 566539 902
50 0.2 9 629619 915
50 0.3 10 549435 838
50 0.3 5 586482 1209
50 0.3 6 575284 838
50 0.3 7 613898 1134
50 0.3 8 621689 1134
50 0.3 9 583224 838
50 0.4 10 656586 930
50 0.4 5 673059 1209
50 0.4 6 628060 920
50 0.4 7 631246 1209
50 0.4 8 554368 915
50 0.4 9 623454 916
50 0.5 10 657274 838
50 0.5 5 720061 1209
50 0.5 6 644882 930
50 0.5 7 602659 946
50 0.5 8 654419 1152
50 0.5 9 643520 872
50 0.6 10 542333 838
50 0.6 5 590633 915
50 0.6 6 578965 838
50 0.6 7 635213 1152
50 0.6 8 580117 838
50 0.6 9 645450 915
50 0.7 10 683445 930
50 0.7 5 588292 1209
50 0.7 6 661777 1209
50 0.7 7 632001 1152
50 0.7 8 621101 1152
50 0.7 9 668597 913
50 0.8 10 534108 1134
50 0.8 5 535938 838
50 0.8 6 578401 907
50 0.8 7 563539 910
50 0.8 8 529178 915
50 0.8 9 577023 838
50 0.9 10 556660 838
50 0.9 5 478101 1020
50 0.9 6 516972 916
50 0.9 7 548298 1152
50 0.9 8 588524 1152
50 0.9 9 598830 916
50 0.1 10 532853 1303
50 0.1 5 552392 1303
50 0.1 6 586388 1303
50 0.1 7 564230 1303
50 0.1 8 533930 1303
50 0.1 9 549490 1303
50 0.2 10 538563 1303
50 0.2 5 504702 1303
50 0.2 6 520885 1303
50 0.2 7 496905 1303
50 0.2 8 580068 1303
50 0.2 9 513423 1303
50 0.3 10 499452 1303
50 0.3 5 448213 1303
50 0.3 6 473787 1303
50 0.3 7 459734 1303
50 0.3 8 496330 1303
50 0.3 9 478357 1303
50 0.4 10 542678 1303
50 0.4 5 535813 1303
50 0.4 6 597177 1303
50 0.4 7 490415 1303
50 0.4 8 571188 1303
50 0.4 9 521109 1303
50 0.5 10 423236 1303
50 0.5 5 468977 1303
50 0.5 6 483514 1303
50 0.5 7 494658 1303
50 0.5 8 455668 1303
50 0.5 9 463160 1303
50 0.6 10 434075 1303
50 0.6 5 495225 1303
50 0.6 6 464046 1303
50 0.6 7 513889 1303
50 0.6 8 505256 1303
50 0.6 9 529025 1303
50 0.7 10 483998 1303
50 0.7 5 464731 1303
50 0.7 6 497959 1303
50 0.7 7 515379 1303
50 0.7 8 471849 1303
50 0.7 9 484852 1303
50 0.8 10 496340 1303
50 0.8 5 455540 1303
50 0.8 6 462839 1303
50 0.8 7 487831 1303
50 0.8 8 530362 1303
50 0.8 9 498697 1303
50 0.9 10 454263 1303
50 0.9 5 458696 1303
50 0.9 6 456844 1303
50 0.9 7 460336 1303
50 0.9 8 514143 1303
50 0.9 9 518068 1303
50 0.1 10 794295 1262
50 0.1 5 681475 1262
50 0.1 6 620653 1262
50 0.1 7 592247 1262
50 0.1 8 594950 1262
50 0.1 9 681282 1262
50 0.2 10 635977 1262
50 0.2 5 556234 1262
50 0.2 6 646714 1262
50 0.2 7 584798 1262
50 0.2 8 557950 1262
50 0.2 9 556721 1262
50 0.3 10 594979 1262
50 0.3 5 595706 1262
50 0.3 6 539409 1262
50 0.3 7 592936 1262
50 0.3 8 564967 1262
50 0.3 9 641565 1262
50 0.4 10 559689 1262
50 0.4 5 595246 1262
50 0.4 6 602723 1262
50 0.4 7 655289 1262
50 0.4 8 586095 1262
50 0.4 9 577755 1262
50 0.5 10 607044 1262
50 0.5 5 686028 1262
50 0.5 6 581570 1262
50 0.5 7 652592 1262
50 0.5 8 637688 1262
50 0.5 9 683230 1262
50 0.6 10 555987 1262
50 0.6 5 617929 1262
50 0.6 6 676813 1262
50 0.6 7 597030 1262
50 0.6 8 569212 1262
50 0.6 9 537111 1262
50 0.7 10 535627 1262
50 0.7 5 577206 1262
50 0.7 6 641408 1262
50 0.7 7 579133 1262
50 0.7 8 578722 1262
50 0.7 9 673550 1262
50 0.8 10 583723 1262
50 0.8 5 583292 1262
50 0.8 6 600335 1262
50 0.8 7 582526 1262
50 0.8 8 537235 1254
50 0.8 9 543840 1262
50 0.9 10 573281 1262
50 0.9 5 519242 1262
50 0.9 6 579810 1262
50 0.9 7 550275 1262
50 0.9 8 672387 1262
50 0.9 9 637420 1254
50 0.1 10 448847 1696
50 0.1 5 440127 1696
50 0.1 6 477066 1696
50 0.1 7 512728 1696
50 0.1 8 497211 1158
50 0.1 9 467206 1696
50 0.2 10 459105 1201
50 0.2 5 490036 1696
50 0.2 6 527669 1696
50 0.2 7 546545 1696
50 0.2 8 470614 1696
50 0.2 9 461976 1156
50 0.3 10 477593 1696
50 0.3 5 533613 1696
50 0.3 6 521654 1696
50 0.3 7 489068 1696
50 0.3 8 567866 1696
50 0.3 9 666172 1696
50 0.4 10 495791 1696
50 0.4 5 483040 1696
50 0.4 6 461600 1696
50 0.4 7 480594 1696
50 0.4 8 526358 1696
50 0.4 9 550018 1696
50 0.5 10 446042 1696
50 0.5 5 542168 1696
50 0.5 6 522570 1696
50 0.5 7 448293 1106
50 0.5 8 498531 1696
50 0.5 9 455118 1696
50 0.6 10 485438 1696
50 0.6 5 509609 1696
50 0.6 6 548741 1696
50 0.6 7 502354 1696
50 0.6 8 476303 1696
50 0.6 9 416992 1696
50 0.7 10 475070 1696
50 0.7 5 509932 1696
50 0.7 6 501318 1696
50 0.7 7 467675 1696
50 0.7 8 478745 1278
50 0.7 9 484669 1116
50 0.8 10 501274 1696
50 0.8 5 523653 1696
50 0.8 6 440816 1696
50 0.8 7 488343 1696
50 0.8 8 480265 1696
50 0.8 9 467218 1106
50 0.9 10 428214 1696
50 0.9 5 460638 1696
50 0.9 6 452742 1696
50 0.9 7 445939 1696
50 0.9 8 519487 1696
50 0.9 9 507232 1696
50 0.1 10 622766 1295
50 0.1 5 779675 1295
50 0.1 6 657315 1295
50 0.1 7 763869 1295
50 0.1 8 616089 1295
50 0.1 9 694758 1295
50 0.2 10 633882 1295
50 0.2 5 727482 1295
50 0.2 6 724097 1295
50 0.2 7 660117 1295
50 0.2 8 756381 1295
50 0.2 9 625086 1295
50 0.3 10 731221 1295
50 0.3 5 635347 1295
50 0.3 6 626302 1295
50 0.3 7 631784 1295
50 0.3 8 648230 1295
50 0.3 9 709872 1295
50 0.4 10 712012 1295
50 0.4 5 595059 1295
50 0.4 6 669430 1295
50 0.4 7 655580 1295
50 0.4 8 632984 1295
50 0.4 9 577658 1295
50 0.5 10 614959 1295
50 0.5 5 633076 1295
50 0.5 6 702836 1295
50 0.5 7 585332 1295
50 0.5 8 668806 1295
50 0.5 9 705845 1295
50 0.6 10 568833 1295
50 0.6 5 593919 1295
50 0.6 6 624475 1295
50 0.6 7 617081 1295
50 0.6 8 588427 1295
50 0.6 9 605340 1295
50 0.7 10 634050 1295
50 0.7 5 646679 1295
50 0.7 6 591506 1295
50 0.7 7 577836 1295
50 0.7 8 569304 1295
50 0.7 9 587015 1295
50 0.8 10 588321 1295
50 0.8 5 556332 1295
50 0.8 6 616495 1295
50 0.8 7 581467 1295
50 0.8 8 589429 1295
50 0.8 9 590796 1295
50 0.9 10 658381 1295
50 0.9 5 592572 1295
50 0.9 6 561854 1295
50 0.9 7 588627 1295
50 0.9 8 608729 1295
50 0.9 9 597039 1295
60 0.1 10 942865 1141
60 0.1 5 979681 1149
60 0.1 6 971003 1141
60 0.1 7 907428 1141
60 0.1 8 893797 1141
60 0.1 9 1065277 1141
60 0.2 10 1013469 1141
60 0.2 5 1090162 1141
60 0.2 6 1086580 1163
60 0.2 7 1184964 1148
60 0.2 8 1109870 1163
60 0.2 9 1005196 1148
60 0.3 10 937486 1141
60 0.3 5 991471 1141
60 0.3 6 1142912 1141
60 0.3 7 1091906 1141
60 0.3 8 1058870 1141
60 0.3 9 1047716 1141
60 0.4 10 961733 1141
60 0.4 5 1043771 1148
60 0.4 6 1073824 1141
60 0.4 7 914923 1141
60 0.4 8 1046932 1141
60 0.4 9 991843 1141
60 0.5 10 1179049 1148
60 0.5 5 1009217 1141
60 0.5 6 980056 1141
60 0.5 7 1197874 1141
60 0.5 8 1076562 1141
60 0.5 9 1431598 1141
60 0.6 10 1002538 1141
60 0.6 5 1035585 1141
60 0.6 6 1068435 1141
60 0.6 7 1131943 1141
60 0.6 8 1113781 1141
60 0.6 9 1134950 1141
60 0.7 10 1156390 1149
60 0.7 5 1093009 1141
60 0.7 6 1118393 1177
60 0.7 7 1089721 1141
60 0.7 8 1036703 1141
60 0.7 9 1253754 1148
60 0.8 10 1039264 1177
60 0.8 5 1146056 1148
60 0.8 6 1070486 1141
60 0.8 7 1266148 1141
60 0.8 8 1039987 1141
60 0.8 9 986678 1141
60 0.9 10 966139 1141
60 0.9 5 1136032 1141
60 0.9 6 1018549 1141
60 0.9 7 1073830 1141
60 0.9 8 922240 1141
60 0.9 9 1035442 1157
60 0.1 10 913049 1693
60 0.1 5 887490 1693
60 0.1 6 940984 1693
60 0.1 7 943994 1693
60 0.1 8 928643 1693
60 0.1 9 916439 1693
60 0.2 10 902260 1693
60 0.2 5 827650 1693
60 0.2 6 933719 1693
60 0.2 7 930731 1693
60 0.2 8 932102 1693
60 0.2 9 960965 1693
60 0.3 10 927710 1693
60 0.3 5 911706 1693
60 0.3 6 913725 1693
60 0.3 7 841774 1693
60 0.3 8 898647 1693
60 0.3 9 868465 1693
60 0.4 10 882597 1693
60 0.4 5 794064 1693
60 0.4 6 832898 1693
60 0.4 7 842860 1693
60 0.4 8 955471 1693
60 0.4 9 728778 1693
60 0.5 10 840051 1693
60 0.5 5 804449 1693
60 0.5 6 873869 1693
60 0.5 7 797975 1693
60 0.5 8 903929 1404
60 0.5 9 858745 1693
60 0.6 10 889653 1693
60 0.6 5 927774 1693
60 0.6 6 953703 1693
60 0.6 7 851607 1693
60 0.6 8 837133 1693
60 0.6 9 695875 1693
60 0.7 10 795521 1693
60 0.7 5 789510 1693
60 0.7 6 751613 1693
60 0.7 7 788228 1693
60 0.7 8 965731 1693
60 0.7 9 843692 1693
60 0.8 10 754725 1693
60 0.8 5 784400 1693
60 0.8 6 804661 1693
60 0.8 7 890941 1693
60 0.8 8 838789 1693
60 0.8 9 883651 1693
60 0.9 10 887254 1693
60 0.9 5 799303 1693
60 0.9 6 719605 1693
60 0.9 7 802657 1693
60 0.9 8 845517 1693
60 0.9 9 767688 1693
60 0.1 10 1022209 1214
60 0.1 5 1095267 1214
60 0.1 6 1236005 1214
60 0.1 7 1195922 1214
60 0.1 8 1097500 1214
60 0.1 9 1159716 1214
60 0.2 10 1188999 1226
60 0.2 5 1116318 1226
60 0.2 6 1243185 1267
60 0.2 7 1098322 1414
60 0.2 8 1021194 1226
60 0.2 9 1243631 1226
60 0.3 10 1147021 1226
60 0.3 5 1229099 1414
60 0.3 6 1013484 1226
60 0.3 7 1056934 1226
60 0.3 8 1128896 1226
60 0.3 9 1050705 1226
60 0.4 10 1054253 1226
60 0.4 5 1121778 1226
60 0.4 6 1090765 1245
60 0.4 7 1054876 1318
60 0.4 8 1112844 1267
60 0.4 9 1090409 1414
60 0.5 10 1071640 1226
60 0.5 5 1072160 1226
60 0.5 6 1028806 1226
60 0.5 7 1107386 1226
60 0.5 8 1233221 1226
60 0.5 9 1094232 1226
60 0.6 10 1175586 1226
60 0.6 5 1103691 1226
60 0.6 6 1085739 1226
60 0.6 7 1153333 1226
60 0.6 8 1119777 1226
60 0.6 9 1235193 1226
60 0.7 10 1185593 1226
60 0.7 5 1169407 1226
60 0.7 6 1137990 1226
60 0.7 7 1089736 1226
60 0.7 8 1142009 1226
60 0.7 9 1054153 1226
60 0.8 10 1020268 1226
60 0.8 5 1149394 1226
60 0.8 6 1091040 1226
60 0.8 7 1256567 1226
60 0.8 8 1336100 1226
60 0.8 9 1159840 1226
60 0.9 10 1152595 1226
60 0.9 5 1102569 1226
60 0.9 6 1128231 1226
60 0.9 7 1149421 1226
60 0.9 8 1144180 1226
60 0.9 9 1099172 1226
60 0.1 10 1105670 1126
60 0.1 5 1330755 1126
60 0.1 6 1128224 1126
60 0.1 7 1204313 1126
60 0.1 8 1261972 1126
60 0.1 9 1233620 1126
60 0.2 10 1140579 1282
60 0.2 5 1213662 1282
60 0.2 6 1223964 1282
60 0.2 7 1020251 1282
60 0.2 8 1359282 1126
60 0.2 9 1175207 1126
60 0.3 10 1040996 1282
60 0.3 5 1053918 1282
60 0.3 6 1126215 1126
60 0.3 7 1050446 1282
60 0.3 8 1288660 1282
60 0.3 9 1119141 1219
60 0.4 10 1203105 1282
60 0.4 5 1282741 1219
60 0.4 6 1229811 1126
60 0.4 7 1152629 1126
60 0.4 8 998536 1282
60 0.4 9 1142971 1126
60 0.5 10 1242119 1126
60 0.5 5 1166074 1282
60 0.5 6 1113189 1282
60 0.5 7 1193041 1126
60 0.5 8 1049740 1126
60 0.5 9 1207989 1126
60 0.6 10 1190973 1242
60 0.6 5 1199074 1126
60 0.6 6 1110716 1126
60 0.6 7 1127849 1400
60 0.6 8 1039264 1126
60 0.6 9 1152342 1227
60 0.7 10 1178436 1126
60 0.7 5 1179506 1282
60 0.7 6 1235542 1126
60 0.7 7 1227905 1282
60 0.7 8 1171352 1282
60 0.7 9 1102833 1282
60 0.8 10 1176561 1282
60 0.8 5 1207799 1294
60 0.8 6 1123825 1282
60 0.8 7 1183018 1190
60 0.8 8 1144317 1282
60 0.8 9 1236599 1282
60 0.9 10 1024502 1126
60 0.9 5 1161957 1126
60 0.9 6 1108179 1126
60 0.9 7 1260450 1227
60 0.9 8 1196228 1385
60 0.9 9 1071127 1282
60 0.1 10 1026001 1454
60 0.1 5 1089772 1454
60 0.1 6 966249 1454
60 0.1 7 1063623 1454
60 0.1 8 1038032 1454
60 0.1 9 1090788 1454
60 0.2 10 980436 1454
60 0.2 5 1043931 1454
60 0.2 6 1080820 1454
60 0.2 7 1074459 1454
60 0.2 8 1066459 1454
60 0.2 9 1103599 1454
60 0.3 10 1212194 1454
60 0.3 5 974374 1454
60 0.3 6 1188258 1454
60 0.3 7 1102465 1454
60 0.3 8 942279 1454
60 0.3 9 1010198 1454
60 0.4 10 905547 1454
60 0.4 5 921010 1454
60 0.4 6 991909 1454
60 0.4 7 1016064 1454
60 0.4 8 830943 1454
60 0.4 9 1008652 1454
60 0.5 10 929844 1454
60 0.5 5 950923 1454
60 0.5 6 908855 1454
60 0.5 7 932430 1454
60 0.5 8 999999 1454
60 0.5 9 870338 1454
60 0.6 10 849901 1454
60 0.6 5 841544 1454
60 0.6 6 866606 1454
60 0.6 7 904743 1454
60 0.6 8 966525 1454
60 0.6 9 953839 1454
60 0.7 10 882993 1454
60 0.7 5 937146 1454
60 0.7 6 1020057 1454
60 0.7 7 910651 1454
60 0.7 8 934605 1454
60 0.7 9 975270 1454
60 0.8 10 918217 1454
60 0.8 5 956023 1454
60 0.8 6 872036 1454
60 0.8 7 868921 1454
60 0.8 8 1015259 1454
60 0.8 9 1035497 1454
60 0.9 10 904083 1454
60 0.9 5 1093441 1454
60 0.9 6 1001942 1454
60 0.9 7 944203 1454
60 0.9 8 1188504 1454
60 0.9 9 940366 1454
70 0.1 10 1359710 1534
70 0.1 5 1460446 1534
70 0.1 6 1534384 1534
70 0.1 7 1521728 1534
70 0.1 8 1400593 1534
70 0.1 9 1496397 1534
70 0.2 10 1315248 1534
70 0.2 5 1455483 1534
70 0.2 6 1623704 1534
70 0.2 7 1528513 1534
70 0.2 8 1475343 1534
70 0.2 9 1427531 1534
70 0.3 10 1401862 1534
70 0.3 5 1205407 1534
70 0.3 6 1553301 1534
70 0.3 7 1439162 1534
70 0.3 8 1467883 1534
70 0.3 9 1383130 1534
70 0.4 10 1260805 1534
70 0.4 5 1267800 1534
70 0.4 6 1569556 1534
70 0.4 7 1329987 1534
70 0.4 8 1517345 1534
70 0.4 9 1309672 1534
70 0.5 10 1458486 1534
70 0.5 5 1135556 1534
70 0.5 6 1316557 1534
70 0.5 7 1471633 1534
70 0.5 8 1278837 1534
70 0.5 9 1404201 1619
70 0.6 10 1337833 1534
70 0.6 5 1302680 1534
70 0.6 6 1508086 1534
70 0.6 7 1500776 1534
70 0.6 8 1528506 1534
70 0.6 9 1341695 1534
70 0.7 10 1470816 1534
70 0.7 5 1323482 1534
70 0.7 6 1290503 1534
70 0.7 7 1519068 1534
70 0.7 8 1339734 1534
70 0.7 9 1206304 1534
70 0.8 10 1361690 1534
70 0.8 5 1354614 1619
70 0.8 6 1352193 1534
70 0.8 7 1450322 1534
70 0.8 8 1232400 1534
70 0.8 9 1330126 1534
70 0.9 10 1304455 1534
70 0.9 5 1208882 1534
70 0.9 6 1473802 1534
70 0.9 7 1362720 1534
70 0.9 8 1375686 1534
70 0.9 9 1303901 1534
70 0.1 10 1223167 1358
70 0.1 5 1223059 1594
70 0.1 6 1337840 1358
70 0.1 7 1315169 1358
70 0.1 8 1248991 1358
70 0.1 9 1068646 1358
70 0.2 10 1150067 1358
70 0.2 5 1144898 1358
70 0.2 6 1098887 1358
70 0.2 7 1209792 1358
70 0.2 8 1211127 1358
70 0.2 9 1138564 1358
70 0.3 10 1082485 1358
70 0.3 5 1162968 1358
70 0.3 6 942469 1358
70 0.3 7 1230031 1629
70 0.3 8 1220728 1358
70 0.3 9 1018336 1358
70 0.4 10 1088501 1358
70 0.4 5 962020 1358
70 0.4 6 1164103 1358
70 0.4 7 1082740 1358
70 0.4 8 1050090 1358
70 0.4 9 1096826 1358
70 0.5 10 957985 1358
70 0.5 5 937152 1706
70 0.5 6 984521 1520
70 0.5 7 986163 1358
70 0.5 8 930015 1358
70 0.5 9 1118826 1358
70 0.6 10 970935 1358
70 0.6 5 1228693 1358
70 0.6 6 1179610 1594
70 0.6 7 1125500 1358
70 0.6 8 1008532 1594
70 0.6 9 1025934 1358
70 0.7 10 956928 1358
70 0.7 5 1152999 1358
70 0.7 6 1038566 1358
70 0.7 7 1144809 1358
70 0.7 8 1124814 1358
70 0.7 9 1003732 1358
70 0.8 10 1067799 1358
70 0.8 5 1021551 1358
70 0.8 6 1118108 1358
70 0.8 7 1068942 1358
70 0.8 8 995340 1358
70 0.8 9 970402 1358
70 0.9 10 1031362 1358
70 0.9 5 1021519 1358
70 0.9 6 991124 1358
70 0.9 7 1049382 1358
70 0.9 8 880056 1376
70 0.9 9 1150077 1358
70 0.1 10 1657938 1560
70 0.1 5 1613270 1337
70 0.1 6 1490780 1317
70 0.1 7 1470900 1317
70 0.1 8 1563869 1317
70 0.1 9 1646111 1317
70 0.2 10 1549905 1317
70 0.2 5 1623251 1560
70 0.2 6 1543265 1317
70 0.2 7 1447784 1560
70 0.2 8 1651458 1670
70 0.2 9 1647657 1560
70 0.3 10 1562345 1472
70 0.3 5 1497981 1370
70 0.3 6 1598785 1317
70 0.3 7 1587545 1560
70 0.3 8 1573206 1317
70 0.3 9 1511712 1345
70 0.4 10 1476640 1458
70 0.4 5 1619228 1333
70 0.4 6 1402891 1458
70 0.4 7 1516137 1317
70 0.4 8 1507995 1317
70 0.4 9 1742429 1317
70 0.5 10 1543904 1317
70 0.5 5 1621067 1317
70 0.5 6 1534346 1317
70 0.5 7 1545310 1331
70 0.5 8 1680638 1317
70 0.5 9 1296487 1171
70 0.6 10 1626888 1458
70 0.6 5 1448092 1317
70 0.6 6 1432960 1317
70 0.6 7 1617514 1405
70 0.6 8 1518375 1670
70 0.6 9 1408104 1317
70 0.7 10 1631166 1317
70 0.7 5 1418076 1373
70 0.7 6 1541302 1394
70 0.7 7 1461351 1416
70 0.7 8 1406727 1317
70 0.7 9 1712880 1404
70 0.8 10 1593844 1317
70 0.8 5 1513828 1333
70 0.8 6 1578794 1317
70 0.8 7 1517995 1340
70 0.8 8 1511453 1416
70 0.8 9 1513148 1317
70 0.9 10 1397096 1317
70 0.9 5 1466666 1333
70 0.9 6 1592036 1317
70 0.9 7 1543855 1333
70 0.9 8 1480045 1317
70 0.9 9 1389536 1317
70 0.1 10 1676633 1406
70 0.1 5 1802776 1406
70 0.1 6 1836007 1406
70 0.1 7 1750542 1406
70 0.1 8 1663758 1406
70 0.1 9 1801656 1406
70 0.2 10 1722639 1406
70 0.2 5 1752584 1406
70 0.2 6 1686182 1406
70 0.2 7 1818013 1406
70 0.2 8 1777581 1406
70 0.2 9 1699998 1409
70 0.3 10 1554047 1406
70 0.3 5 1773969 1406
70 0.3 6 1719125 1406
70 0.3 7 1774057 1406
70 0.3 8 1743267 1406
70 0.3 9 1759668 1406
70 0.4 10 1854368 1406
70 0.4 5 1716878 1406
70 0.4 6 1695314 1482
70 0.4 7 1809934 1406
70 0.4 8 1609669 1406
70 0.4 9 1553941 1406
70 0.5 10 1658154 1406
70 0.5 5 1741597 1406
70 0.5 6 1868305 1406
70 0.5 7 1473539 1406
70 0.5 8 1649734 1406
70 0.5 9 1802301 1406
70 0.6 10 1648287 1574
70 0.6 5 1732831 1406
70 0.6 6 1699433 1406
70 0.6 7 1629502 1406
70 0.6 8 1772060 1406
70 0.6 9 1686450 1406
70 0.7 10 1555531 1406
70 0.7 5 1647343 1629
70 0.7 6 1568115 1406
70 0.7 7 1592304 1406
70 0.7 8 1685120 1406
70 0.7 9 1662043 1406
70 0.8 10 1807188 1406
70 0.8 5 1599668 1406
70 0.8 6 1557931 1406
70 0.8 7 1700997 1406
70 0.8 8 1569446 1406
70 0.8 9 1679834 1406
70 0.9 10 1612916 1406
70 0.9 5 1590789 1406
70 0.9 6 1556119 1406
70 0.9 7 1804298 1406
70 0.9 8 1847842 1406
70 0.9 9 1652701 1406
70 0.1 10 1694002 1711
70 0.1 5 1621198 1711
70 0.1 6 1581278 1711
70 0.1 7 1677910 1711
70 0.1 8 1536430 1711
70 0.1 9 1632528 1711
70 0.2 10 1640913 1711
70 0.2 5 1559125 1711
70 0.2 6 1542410 1711
70 0.2 7 1536796 1711
70 0.2 8 1596003 1711
70 0.2 9 1614579 1711
70 0.3 10 1526097 1711
70 0.3 5 1551526 1711
70 0.3 6 1634226 1711
70 0.3 7 1642695 1711
70 0.3 8 1469355 1711
70 0.3 9 1646603 1711
70 0.4 10 1523910 1711
70 0.4 5 1583250 1711
70 0.4 6 1562465 1711
70 0.4 7 1625723 1711
70 0.4 8 1508466 1711
70 0.4 9 1689082 1711
70 0.5 10 1646478 1711
70 0.5 5 1589099 1711
70 0.5 6 1460666 1711
70 0.5 7 1443795 1711
70 0.5 8 1381108 1711
70 0.5 9 1532415 1711
70 0.6 10 1612248 1711
70 0.6 5 1664817 1711
70 0.6 6 1546462 1711
70 0.6 7 1673279 1711
70 0.6 8 1416082 1711
70 0.6 9 1455522 1711
70 0.7 10 1572574 1711
70 0.7 5 1539346 1711
70 0.7 6 1570907 1711
70 0.7 7 1445338 1711
70 0.7 8 1715061 1711
70 0.7 9 1380449 1711
70 0.8 10 1479781 1711
70 0.8 5 1474798 1711
70 0.8 6 1450545 1711
70 0.8 7 1538894 1711
70 0.8 8 1704011 1711
70 0.8 9 1610607 1711
70 0.9 10 1635575 1711
70 0.9 5 1572898 1711
70 0.9 6 1604249 1711
70 0.9 7 1627045 1711
70 0.9 8 1555468 1711
70 0.9 9 1611945 1711
80 0.1 10 1879702 1674
80 0.1 5 1951314 1674
80 0.1 6 1811351 1674
80 0.1 7 1930882 1674
80 0.1 8 1826992 1674
80 0.1 9 1880060 1674
80 0.2 10 1625482 1766
80 0.2 5 1821490 1881
80 0.2 6 1783064 1958
80 0.2 7 1743806 2046
80 0.2 8 1729673 2046
80 0.2 9 1681671 1969
80 0.3 10 1757386 1969
80 0.3 5 1703520 1766
80 0.3 6 1699083 1766
80 0.3 7 1741008 1766
80 0.3 8 1688694 1710
80 0.3 9 1908668 1674
80 0.4 10 1537025 1766
80 0.4 5 1521455 1766
80 0.4 6 1558762 1766
80 0.4 7 1504614 1958
80 0.4 8 1554523 1969
80 0.4 9 1486344 1766
80 0.5 10 1534829 1674
80 0.5 5 1672187 1969
80 0.5 6 1586412 1766
80 0.5 7 1541403 1674
80 0.5 8 1461631 1969
80 0.5 9 1537429 1969
80 0.6 10 1477000 1766
80 0.6 5 1546163 1969
80 0.6 6 1542788 1766
80 0.6 7 1512273 1969
80 0.6 8 1594835 1969
80 0.6 9 1588589 1766
80 0.7 10 1446697 1766
80 0.7 5 1451770 1969
80 0.7 6 1563890 1969
80 0.7 7 1397890 1766
80 0.7 8 1499539 1969
80 0.7 9 1427215 1766
80 0.8 10 1337468 1674
80 0.8 5 1420864 1969
80 0.8 6 1358411 1674
80 0.8 7 1461229 1766
80 0.8 8 1752605 1674
80 0.8 9 1627780 1766
80 0.9 10 1557940 1969
80 0.9 5 1598041 1674
80 0.9 6 1536707 1969
80 0.9 7 1523934 1674
80 0.9 8 1512541 1969
80 0.9 9 1494522 1969
80 0.1 10 2088325 1885
80 0.1 5 2053589 1641
80 0.1 6 2125040 1641
80 0.1 7 2064599 1885
80 0.1 8 2101149 1641
80 0.1 9 2177610 1885
80 0.2 10 1849986 1641
80 0.2 5 2160396 1885
80 0.2 6 1926416 1720
80 0.2 7 1988602 1641
80 0.2 8 2053730 1641
80 0.2 9 1894745 1720
80 0.3 10 1899315 1532
80 0.3 5 1753151 1641
80 0.3 6 2123007 1641
80 0.3 7 1740772 1282
80 0.3 8 1889182 1720
80 0.3 9 1790944 1641
80 0.4 10 1750154 1282
80 0.4 5 1653975 1641
80 0.4 6 1569204 1641
80 0.4 7 1597172 1282
80 0.4 8 1974458 1720
80 0.4 9 1700059 1641
80 0.5 10 1936261 1641
80 0.5 5 1896810 1641
80 0.5 6 1715851 1641
80 0.5 7 1642258 1641
80 0.5 8 1798152 1282
80 0.5 9 1705381 1641
80 0.6 10 1617164 1568
80 0.6 5 1808810 1282
80 0.6 6 1721779 1641
80 0.6 7 1767468 1418
80 0.6 8 1591250 1641
80 0.6 9 1797116 1282
80 0.7 10 1800513 1341
80 0.7 5 1765639 1282
80 0.7 6 1646415 1345
80 0.7 7 1760813 1641
80 0.7 8 1805420 1408
80 0.7 9 1672474 1641
80 0.8 10 1848291 1641
80 0.8 5 1628502 1282
80 0.8 6 1750823 1464
80 0.8 7 1860168 1503
80 0.8 8 1720291 1641
80 0.8 9 1595608 1641
80 0.9 10 1612506 1282
80 0.9 5 1672001 1641
80 0.9 6 1758492 1282
80 0.9 7 1693165 1319
80 0.9 8 1620900 1282
80 0.9 9 1658385 1282
80 0.1 10 2332590 1626
80 0.1 5 2286091 1564
80 0.1 6 2357960 1626
80 0.1 7 2552217 1626
80 0.1 8 2572957 1626
80 0.1 9 2527575 1626
80 0.2 10 2678340 1626
80 0.2 5 2368836 1596
80 0.2 6 2600092 1771
80 0.2 7 2372299 1649
80 0.2 8 2674438 1649
80 0.2 9 2732441 1626
80 0.3 10 2455320 1626
80 0.3 5 2797274 1564
80 0.3 6 2944324 1626
80 0.3 7 2360256 1626
80 0.3 8 2611243 1626
80 0.3 9 2459503 1626
80 0.4 10 2513516 1626
80 0.4 5 2663053 1626
80 0.4 6 2635040 1626
80 0.4 7 2821005 1626
80 0.4 8 2705999 1626
80 0.4 9 2682499 1626
80 0.5 10 2667378 1626
80 0.5 5 2734369 1564
80 0.5 6 2888009 1626
80 0.5 7 2565179 1626
80 0.5 8 2662754 1576
80 0.5 9 2710032 1626
80 0.6 10 2611642 1564
80 0.6 5 2707749 1626
80 0.6 6 2639479 1626
80 0.6 7 2699507 1626
80 0.6 8 2429520 1626
80 0.6 9 2621873 1626
80 0.7 10 2600662 1626
80 0.7 5 2739035 1626
80 0.7 6 2653761 1626
80 0.7 7 2524071 1626
80 0.7 8 2574764 1626
80 0.7 9 2494045 1626
80 0.8 10 2486532 1626
80 0.8 5 2408010 1564
80 0.8 6 2443708 1564
80 0.8 7 2807250 1626
80 0.8 8 2458617 1626
80 0.8 9 2494434 1626
80 0.9 10 2264717 1626
80 0.9 5 2711685 1626
80 0.9 6 2472434 1564
80 0.9 7 2432925 1626
80 0.9 8 2498842 1626
80 0.9 9 2340331 1626
80 0.1 10 2001451 1722
80 0.1 5 1981086 1426
80 0.1 6 1991369 1722
80 0.1 7 1944370 1545
80 0.1 8 1990862 1722
80 0.1 9 2109543 1722
80 0.2 10 2428558 1722
80 0.2 5 1996472 1426
80 0.2 6 1986947 1426
80 0.2 7 2164277 1722
80 0.2 8 1967350 1426
80 0.2 9 2105786 1426
80 0.3 10 1819963 1426
80 0.3 5 1938673 1722
80 0.3 6 1716195 1426
80 0.3 7 1903071 1426
80 0.3 8 1860962 1426
80 0.3 9 1900592 1426
80 0.4 10 1932565 1722
80 0.4 5 1852281 1372
80 0.4 6 1838971 1426
80 0.4 7 1811492 1426
80 0.4 8 1935067 1426
80 0.4 9 1752532 1545
80 0.5 10 1974484 1399
80 0.5 5 1710650 1372
80 0.5 6 1739935 1426
80 0.5 7 1627574 1426
80 0.5 8 1983888 1426
80 0.5 9 1819405 1426
80 0.6 10 1981340 1372
80 0.6 5 1698049 1426
80 0.6 6 1837807 1372
80 0.6 7 1669184 1426
80 0.6 8 1549691 1372
80 0.6 9 1713787 1372
80 0.7 10 1770052 1650
80 0.7 5 1765992 1380
80 0.7 6 1823505 1426
80 0.7 7 1659602 1372
80 0.7 8 1829979 1426
80 0.7 9 1873712 1372
80 0.8 10 1792551 1372
80 0.8 5 1824212 1372
80 0.8 6 1684887 1426
80 0.8 7 1824087 1426
80 0.8 8 1822185 1441
80 0.8 9 1725434 1372
80 0.9 10 1629478 1426
80 0.9 5 1729172 1426
80 0.9 6 1753529 1426
80 0.9 7 1709906 1426
80 0.9 8 1537737 1372
80 0.9 9 1881131 1426
80 0.1 10 1773667 1564
80 0.1 5 1689908 1740
80 0.1 6 1737635 1564
80 0.1 7 1836409 1740
80 0.1 8 2013031 1740
80 0.1 9 1965018 1564
80 0.2 10 1675847 1564
80 0.2 5 1757670 1564
80 0.2 6 1709613 1357
80 0.2 7 1680274 1564
80 0.2 8 1700809 1564
80 0.2 9 1733348 1564
80 0.3 10 1568824 1611
80 0.3 5 1840435 1564
80 0.3 6 1736901 1564
80 0.3 7 1704155 1611
80 0.3 8 1762338 1564
80 0.3 9 1730547 1564
80 0.4 10 1662401 1564
80 0.4 5 1675427 1564
80 0.4 6 1779729 1564
80 0.4 7 1751033 1292
80 0.4 8 1600116 1564
80 0.4 9 1780998 1564
80 0.5 10 1542386 1292
80 0.5 5 1692743 1611
80 0.5 6 1578118 1292
80 0.5 7 1577299 1564
80 0.5 8 1566225 1564
80 0.5 9 1567608 1564
80 0.6 10 1444017 1564
80 0.6 5 1635565 1713
80 0.6 6 1519868 1292
80 0.6 7 1521927 1564
80 0.6 8 1589711 1292
80 0.6 9 1616090 1564
80 0.7 10 1528115 1564
80 0.7 5 1604460 1564
80 0.7 6 1634018 1292
80 0.7 7 1516754 1564
80 0.7 8 1632024 1564
80 0.7 9 1536109 1292
80 0.8 10 1641339 1564
80 0.8 5 1557990 1564
80 0.8 6 1521024 1564
80 0.8 7 1708705 1564
80 0.8 8 1571361 1564
80 0.8 9 1623581 1292
80 0.9 10 1678212 1564
80 0.9 5 1604616 1564
80 0.9 6 1595967 1564
80 0.9 7 1721667 1292
80 0.9 8 1594056 1564
80 0.9 9 1708264 1564
90 0.1 10 2778304 1612
90 0.1 5 2756041 1612
90 0.1 6 2638514 1612
90 0.1 7 2713251 1612
90 0.1 8 2573146 1612
90 0.1 9 2740599 1612
90 0.2 10 2537627 1612
90 0.2 5 2572837 1612
90 0.2 6 2469712 1634
90 0.2 7 2488490 1612
90 0.2 8 2543296 1612
90 0.2 9 2623161 1612
90 0.3 10 2540204 1634
90 0.3 5 2409549 1612
90 0.3 6 2521868 1612
90 0.3 7 2572810 1750
90 0.3 8 2378384 1612
90 0.3 9 2433537 1612
90 0.4 10 2719862 1612
90 0.4 5 2496721 1612
90 0.4 6 2710231 1590
90 0.4 7 2288562 1813
90 0.4 8 2326252 1612
90 0.4 9 2387862 1612
90 0.5 10 2533183 1612
90 0.5 5 2369804 1612
90 0.5 6 2325834 1612
90 0.5 7 2296221 1605
90 0.5 8 2207199 1612
90 0.5 9 2405423 1526
90 0.6 10 2325977 1698
90 0.6 5 2286344 1698
90 0.6 6 2233242 1749
90 0.6 7 2391147 1612
90 0.6 8 2329671 1612
90 0.6 9 2286111 1612
90 0.7 10 2438941 1387
90 0.7 5 2533100 1612
90 0.7 6 2484197 1698
90 0.7 7 2437837 1612
90 0.7 8 2512510 1698
90 0.7 9 2234933 1612
90 0.8 10 2393424 1749
90 0.8 5 2418207 1612
90 0.8 6 2374856 1612
90 0.8 7 2416342 1698
90 0.8 8 2529195 1612
90 0.8 9 2242144 1612
90 0.9 10 2381057 1698
90 0.9 5 2330860 1698
90 0.9 6 2229203 1612
90 0.9 7 2260285 1698
90 0.9 8 2459173 1698
90 0.9 9 2261027 1698
90 0.1 10 2272810 1630
90 0.1 5 2493408 1630
90 0.1 6 2449258 1630
90 0.1 7 2300241 1630
90 0.1 8 2243226 1694
90 0.1 9 2267791 1630
90 0.2 10 1931294 1679
90 0.2 5 2094205 1630
90 0.2 6 1858056 1630
90 0.2 7 2095295 1630
90 0.2 8 2035766 1630
90 0.2 9 2542604 1797
90 0.3 10 2059062 1630
90 0.3 5 2053538 1630
90 0.3 6 2106785 1630
90 0.3 7 2074069 1630
90 0.3 8 1791300 1630
90 0.3 9 1970668 1630
90 0.4 10 1809512 1293
90 0.4 5 1794022 1630
90 0.4 6 1719864 1630
90 0.4 7 1781645 1452
90 0.4 8 1999311 1630
90 0.4 9 1845458 1630
90 0.5 10 1903377 1400
90 0.5 5 2088017 1652
90 0.5 6 1863369 1630
90 0.5 7 1899459 1630
90 0.5 8 1712953 1293
90 0.5 9 1860001 1630
90 0.6 10 1691681 1542
90 0.6 5 1723029 1542
90 0.6 6 1706867 1630
90 0.6 7 1751646 1630
90 0.6 8 1902941 1630
90 0.6 9 2044042 1630
90 0.7 10 1768057 1542
90 0.7 5 1814487 1630
90 0.7 6 1986572 1630
90 0.7 7 1782610 1630
90 0.7 8 1797740 1630
90 0.7 9 1877892 1630
90 0.8 10 1876067 1293
90 0.8 5 1903315 1630
90 0.8 6 1901405 1290
90 0.8 7 1703084 1630
90 0.8 8 1861237 1630
90 0.8 9 1852389 1542
90 0.9 10 1679640 1630
90 0.9 5 1878358 1630
90 0.9 6 1888346 1630
90 0.9 7 1907503 1630
90 0.9 8 1942459 1293
90 0.9 9 1698749 1293
90 0.1 10 2280474 1456
90 0.1 5 2301122 1465
90 0.1 6 2328088 1413
90 0.1 7 2266821 1699
90 0.1 8 2181271 1362
90 0.1 9 2126937 1456
90 0.2 10 2196267 1490
90 0.2 5 2100314 1362
90 0.2 6 2167437 1465
90 0.2 7 2233410 1415
90 0.2 8 2348283 1413
90 0.2 9 2248701 1624
90 0.3 10 2361835 1582
90 0.3 5 2210899 1608
90 0.3 6 2261149 1362
90 0.3 7 2116103 1565
90 0.3 8 2439644 1497
90 0.3 9 2266415 1362
90 0.4 10 2319417 1714
90 0.4 5 2241404 1535
90 0.4 6 2190412 1515
90 0.4 7 1987023 1685
90 0.4 8 2205592 1451
90 0.4 9 2069154 1699
90 0.5 10 2170083 1362
90 0.5 5 2039629 1451
90 0.5 6 2068224 1362
90 0.5 7 2146880 1617
90 0.5 8 1991399 1493
90 0.5 9 2256345 1622
90 0.6 10 2175589 1498
90 0.6 5 2104120 1465
90 0.6 6 2303532 1392
90 0.6 7 2069306 1362
90 0.6 8 2072266 1362
90 0.6 9 1929877 1362
90 0.7 10 2190760 1362
90 0.7 5 1993401 1588
90 0.7 6 2210562 1362
90 0.7 7 2144079 1362
90 0.7 8 2101098 1508
90 0.7 9 2239518 1479
90 0.8 10 2059704 1362
90 0.8 5 2315812 1660
90 0.8 6 2449019 1362
90 0.8 7 2121869 1362
90 0.8 8 2238904 1362
90 0.8 9 2195333 1479
90 0.9 10 2027477 1362
90 0.9 5 2178860 1505
90 0.9 6 1958942 1362
90 0.9 7 2099965 1453
90 0.9 8 2002937 1362
90 0.9 9 2135599 1660
90 0.1 10 2400136 1597
90 0.1 5 2504358 1597
90 0.1 6 2219722 1597
90 0.1 7 2587012 1669
90 0.1 8 2356961 1597
90 0.1 9 2624574 1597
90 0.2 10 2204298 1597
90 0.2 5 2336563 1597
90 0.2 6 2479794 1597
90 0.2 7 2589201 1597
90 0.2 8 2255770 1597
90 0.2 9 2410809 1597
90 0.3 10 2239163 1597
90 0.3 5 2436584 1597
90 0.3 6 2093753 1597
90 0.3 7 2419573 1597
90 0.3 8 2421611 1597
90 0.3 9 2379743 1597
90 0.4 10 2460976 1494
90 0.4 5 2513965 1597
90 0.4 6 2109229 1597
90 0.4 7 2202897 1597
90 0.4 8 2346043 1597
90 0.4 9 2227289 1439
90 0.5 10 2358011 1597
90 0.5 5 2140943 1597
90 0.5 6 2236946 1597
90 0.5 7 2283685 1597
90 0.5 8 2358570 1597
90 0.5 9 2083137 1572
90 0.6 10 2235581 1597
90 0.6 5 2012856 1572
90 0.6 6 2246867 1597
90 0.6 7 2277211 1597
90 0.6 8 2128799 1597
90 0.6 9 2082522 1597
90 0.7 10 2089355 1597
90 0.7 5 2064929 1477
90 0.7 6 2156374 1597
90 0.7 7 2434209 1597
90 0.7 8 2024138 1572
90 0.7 9 2100335 1597
90 0.8 10 2180548 1597
90 0.8 5 2433221 1572
90 0.8 6 2392554 1597
90 0.8 7 2166725 1597
90 0.8 8 2152255 1597
90 0.8 9 2230842 1597
90 0.9 10 2231572 1597
90 0.9 5 2113504 1597
90 0.9 6 2188327 1597
90 0.9 7 2157333 1597
90 0.9 8 2167255 1597
90 0.9 9 2091875 1477
90 0.1 10 2395950 1343
90 0.1 5 2468552 1343
90 0.1 6 2483837 1343
90 0.1 7 2365225 1549
90 0.1 8 2374776 1343
90 0.1 9 2415499 1549
90 0.2 10 2403526 1549
90 0.2 5 2450859 2142
90 0.2 6 2496982 1707
90 0.2 7 2293622 1707
90 0.2 8 2285144 1707
90 0.2 9 2310671 2142
90 0.3 10 2093184 1343
90 0.3 5 2251908 1549
90 0.3 6 2266789 1553
90 0.3 7 2577171 1707
90 0.3 8 2394330 1549
90 0.3 9 2301416 1707
90 0.4 10 2265948 1549
90 0.4 5 2201020 1549
90 0.4 6 2401217 1943
90 0.4 7 2440779 1688
90 0.4 8 2288095 1707
90 0.4 9 2488765 1635
90 0.5 10 2197807 1549
90 0.5 5 2116202 1707
90 0.5 6 2133668 1549
90 0.5 7 2131702 1707
90 0.5 8 2192103 1707
90 0.5 9 2039616 1343
90 0.6 10 1946787 1707
90 0.6 5 2088947 1707
90 0.6 6 2160710 1707
90 0.6 7 2004707 1555
90 0.6 8 2190873 1707
90 0.6 9 2229811 1707
90 0.7 10 2320787 1635
90 0.7 5 2054535 1707
90 0.7 6 2314739 1549
90 0.7 7 2291321 1549
90 0.7 8 2211245 1549
90 0.7 9 2268980 1707
90 0.8 10 2209130 1830
90 0.8 5 1961298 1343
90 0.8 6 2191543 1587
90 0.8 7 2204936 1549
90 0.8 8 2095243 1469
90 0.8 9 2041821 1549
90 0.9 10 2164020 1707
90 0.9 5 2118462 1587
90 0.9 6 2076911 1848
90 0.9 7 2101240 1549
90 0.9 8 1983344 1549
90 0.9 9 2239396 1549
100 0.1 10 3148855 1697
100 0.1 5 2908910 1697
100 0.1 6 2781225 1697
100 0.1 7 2852618 1697
100 0.1 8 2897968 1697
100 0.1 9 3072474 1785
100 0.2 10 2874253 1722
100 0.2 5 2891652 1697
100 0.2 6 2867196 1785
100 0.2 7 2884515 1761
100 0.2 8 2818705 1697
100 0.2 9 3065361 1697
100 0.3 10 2912533 1697
100 0.3 5 2789991 1697
100 0.3 6 2646242 1697
100 0.3 7 2737238 1700
100 0.3 8 2743203 1697
100 0.3 9 2755875 1843
100 0.4 10 2604446 1697
100 0.4 5 2375384 1697
100 0.4 6 2472682 1697
100 0.4 7 2662020 1697
100 0.4 8 2604291 1834
100 0.4 9 2620852 1697
100 0.5 10 2663338 1697
100 0.5 5 2832447 1697
100 0.5 6 2524975 1697
100 0.5 7 2570962 1768
100 0.5 8 2521576 1697
100 0.5 9 2497585 1538
100 0.6 10 2532574 1697
100 0.6 5 2465840 1697
100 0.6 6 2383659 1697
100 0.6 7 2516178 1551
100 0.6 8 2576813 1358
100 0.6 9 2638184 1823
100 0.7 10 2528813 1697
100 0.7 5 2443897 1551
100 0.7 6 2497036 1697
100 0.7 7 2474535 1697
100 0.7 8 2465229 1697
100 0.7 9 2421917 1697
100 0.8 10 2604411 1697
100 0.8 5 2665919 1697
100 0.8 6 2361775 1358
100 0.8 7 2659674 1551
100 0.8 8 2442637 1697
100 0.8 9 2749394 1697
100 0.9 10 2694213 1768
100 0.9 5 2551472 1697
100 0.9 6 2475087 1697
100 0.9 7 2524849 1697
100 0.9 8 2445550 1703
100 0.9 9 2515873 1697
100 0.1 10 3900187 1884
100 0.1 5 3786731 1849
100 0.1 6 3912981 1849
100 0.1 7 3830245 2231
100 0.1 8 4026029 2231
100 0.1 9 3856060 1884
100 0.2 10 3540117 1884
100 0.2 5 3614568 1849
100 0.2 6 3455435 1849
100 0.2 7 3533133 1849
100 0.2 8 3647115 1849
100 0.2 9 3753588 2231
100 0.3 10 3979450 2025
100 0.3 5 3543695 1884
100 0.3 6 3355870 1849
100 0.3 7 3478801 1849
100 0.3 8 3408406 1936
100 0.3 9 3583045 1849
100 0.4 10 3244825 1849
100 0.4 5 3376709 1849
100 0.4 6 3225918 1872
100 0.4 7 3244153 1849
100 0.4 8 3309342 1849
100 0.4 9 3234094 1452
100 0.5 10 3440452 1546
100 0.5 5 3183869 1452
100 0.5 6 3193696 1849
100 0.5 7 3400260 1849
100 0.5 8 3095596 1849
100 0.5 9 3246625 1452
100 0.6 10 3276516 1849
100 0.6 5 3222213 1849
100 0.6 6 3475771 1849
100 0.6 7 3323649 1849
100 0.6 8 3327407 1849
100 0.6 9 3410711 1849
100 0.7 10 3433524 1849
100 0.7 5 3509544 2088
100 0.7 6 3095664 1452
100 0.7 7 3153805 1849
100 0.7 8 3084642 1849
100 0.7 9 3309626 1849
100 0.8 10 3223260 1452
100 0.8 5 3206563 2022
100 0.8 6 3298630 1849
100 0.8 7 3249024 1849
100 0.8 8 2908658 1452
100 0.8 9 3102900 1849
100 0.9 10 3151401 1849
100 0.9 5 3442161 1849
100 0.9 6 3423569 1849
100 0.9 7 3652628 1849
100 0.9 8 3353127 1849
100 0.9 9 3144591 1849
100 0.1 10 2806422 1555
100 0.1 5 2949776 1460
100 0.1 6 2873271 1555
100 0.1 7 2794327 1550
100 0.1 8 2899785 1649
100 0.1 9 2874051 1649
100 0.2 10 2874683 1555
100 0.2 5 2955456 1555
100 0.2 6 3075293 1555
100 0.2 7 2960276 1605
100 0.2 8 2972319 1555
100 0.2 9 3010301 1555
100 0.3 10 2942881 1555
100 0.3 5 2734193 1555
100 0.3 6 2746121 1555
100 0.3 7 2781918 1555
100 0.3 8 2896868 1460
100 0.3 9 2888832 1555
100 0.4 10 2655773 1460
100 0.4 5 2727140 1460
100 0.4 6 2766955 1460
100 0.4 7 2907297 1555
100 0.4 8 2747447 1555
100 0.4 9 2865050 1555
100 0.5 10 2858095 1555
100 0.5 5 2889312 1555
100 0.5 6 2291780 1460
100 0.5 7 2959922 1555
100 0.5 8 2750939 1604
100 0.5 9 2665209 1555
100 0.6 10 2896475 1791
100 0.6 5 2590402 1555
100 0.6 6 2545272 1460
100 0.6 7 2815816 1555
100 0.6 8 2980737 1604
100 0.6 9 2719354 1555
100 0.7 10 2744794 1555
100 0.7 5 2409200 1460
100 0.7 6 2660727 1733
100 0.7 7 2578916 1555
100 0.7 8 2721894 1555
100 0.7 9 2890422 1555
100 0.8 10 2603073 1555
100 0.8 5 2663103 1555
100 0.8 6 3033715 1555
100 0.8 7 2690176 1555
100 0.8 8 2650805 1460
100 0.8 9 2868846 1555
100 0.9 10 2566109 1460
100 0.9 5 2610576 1555
100 0.9 6 2643015 1522
100 0.9 7 3103080 1686
100 0.9 8 2542705 1555
100 0.9 9 2728092 1555
100 0.1 10 3393711 1639
100 0.1 5 3372765 1639
100 0.1 6 3262731 1738
100 0.1 7 3171285 1738
100 0.1 8 3198174 1659
100 0.1 9 3114926 1659
100 0.2 10 3407073 1639
100 0.2 5 3378648 1639
100 0.2 6 3380920 1639
100 0.2 7 3486296 1639
100 0.2 8 3485419 1696
100 0.2 9 3488230 1639
100 0.3 10 3257230 1660
100 0.3 5 3373935 1639
100 0.3 6 3195962 1639
100 0.3 7 3278566 1639
100 0.3 8 3131631 1639
100 0.3 9 3528291 1646
100 0.4 10 3359110 1696
100 0.4 5 3080927 1639
100 0.4 6 3082216 1639
100 0.4 7 3131800 1639
100 0.4 8 3201217 1643
100 0.4 9 3440227 1643
100 0.5 10 3356876 1772
100 0.5 5 3287334 1639
100 0.5 6 3382474 1639
100 0.5 7 3251921 1639
100 0.5 8 3514992 1639
100 0.5 9 3275865 1639
100 0.6 10 3163598 1639
100 0.6 5 3210848 1643
100 0.6 6 3201509 1639
100 0.6 7 3120126 1639
100 0.6 8 3146478 1639
100 0.6 9 2970410 1639
100 0.7 10 3241683 1639
100 0.7 5 3298832 1643
100 0.7 6 3430521 1643
100 0.7 7 2860501 1643
100 0.7 8 2997706 1643
100 0.7 9 3186628 1639
100 0.8 10 3147417 1639
100 0.8 5 3062290 1639
100 0.8 6 3030011 1643
100 0.8 7 3031145 1643
100 0.8 8 3286563 1643
100 0.8 9 3140525 1639
100 0.9 10 3106974 1797
100 0.9 5 2880229 1639
100 0.9 6 2928090 1639
100 0.9 7 3082298 1712
100 0.9 8 3042786 1643
100 0.9 9 3119858 1639
100 0.1 10 2840563 1677
100 0.1 5 2858634 2046
100 0.1 6 2681730 1630
100 0.1 7 2764071 1630
100 0.1 8 3175739 2046
100 0.1 9 2980491 2046
100 0.2 10 2730379 1630
100 0.2 5 2798723 1630
100 0.2 6 2975452 1722
100 0.2 7 2647381 1630
100 0.2 8 2987330 1630
100 0.2 9 2970040 1630
100 0.3 10 2805538 1549
100 0.3 5 2857376 1762
100 0.3 6 2604484 1549
100 0.3 7 2974530 1627
100 0.3 8 2860483 1630
100 0.3 9 2865175 2033
100 0.4 10 2734952 1630
100 0.4 5 2673658 1630
100 0.4 6 2603388 1549
100 0.4 7 2750200 1630
100 0.4 8 2687089 1549
100 0.4 9 2754269 1630
100 0.5 10 2563968 1630
100 0.5 5 2516526 1630
100 0.5 6 2577643 1630
100 0.5 7 2861110 1885
100 0.5 8 2744497 1630
100 0.5 9 2663754 1630
100 0.6 10 2789088 1630
100 0.6 5 2626578 1549
100 0.6 6 2536471 1469
100 0.6 7 2544712 1630
100 0.6 8 2718304 1469
100 0.6 9 3085312 1469
100 0.7 10 2927779 1469
100 0.7 5 2901150 1630
100 0.7 6 2711870 2109
100 0.7 7 2609581 1797
100 0.7 8 2657952 1630
100 0.7 9 2813487 1933
100 0.8 10 2638799 1630
100 0.8 5 2562020 1549
100 0.8 6 2771783 1469
100 0.8 7 2646019 1780
100 0.8 8 2844419 1630
100 0.8 9 2690298 1630
100 0.9 10 2676872 1469
100 0.9 5 2679972 1630
100 0.9 6 2355081 1549
100 0.9 7 2624933 1630
100 0.9 8 2589742 1630
100 0.9 9 2678311 1549
