250 7978
1 2 62
1 4 34
1 7 45
1 17 39
1 24 80
1 26 98
1 29 71
1 30 12
1 31 32
1 51 8
1 52 72
1 53 51
1 56 90
1 71 29
1 82 95
1 91 39
1 93 73
1 94 43
1 96 56
1 100 21
1 101 53
1 104 74
1 107 40
1 114 14
1 116 86
1 124 38
1 125 39
1 131 23
1 137 75
1 139 41
1 149 69
1 151 60
1 158 77
1 162 84
1 163 64
1 167 72
1 172 44
1 178 79
1 191 17
1 194 9
1 196 3
1 203 84
1 205 18
1 210 41
1 214 38
1 219 88
1 221 43
1 223 88
1 224 40
1 227 8
1 238 69
1 240 9
1 243 34
1 248 16
1 249 47
2 4 42
2 6 40
2 7 56
2 12 55
2 15 62
2 17 37
2 29 87
2 31 78
2 32 80
2 33 51
2 34 1
2 35 24
2 43 63
2 45 72
2 53 81
2 58 88
2 60 65
2 62 83
2 68 44
2 71 58
2 77 53
2 81 31
2 82 49
2 87 99
2 88 52
2 94 30
2 95 21
2 97 5
2 102 64
2 112 45
2 114 31
2 116 79
2 118 60
2 121 97
2 122 40
2 126 95
2 127 94
2 133 6
2 145 31
2 153 56
2 161 84
2 173 70
2 177 70
2 182 99
2 183 82
2 193 40
2 195 85
2 196 49
2 200 23
2 205 13
2 209 54
2 213 84
2 218 53
2 223 23
2 225 97
2 230 1
2 231 33
2 236 91
2 248 89
3 15 31
3 16 31
3 17 84
3 21 88
3 24 18
3 27 55
3 33 57
3 38 59
3 40 41
3 41 85
3 42 46
3 46 79
3 47 28
3 48 60
3 58 75
3 60 75
3 61 95
3 71 78
3 77 5
3 79 57
3 80 26
3 81 58
3 86 15
3 88 18
3 95 12
3 98 7
3 99 84
3 100 72
3 102 25
3 103 83
3 105 43
3 106 50
3 113 4
3 118 55
3 124 64
3 129 73
3 131 27
3 142 43
3 148 88
3 151 34
3 152 94
3 155 62
3 156 45
3 164 61
3 165 35
3 166 82
3 167 51
3 172 42
3 173 57
3 174 17
3 175 68
3 183 88
3 186 59
3 193 37
3 198 68
3 203 64
3 207 60
3 208 61
3 212 85
3 216 93
3 218 67
3 219 14
3 225 73
3 228 73
3 238 81
3 243 49
3 248 42
3 250 8
4 13 23
4 22 69
4 25 93
4 26 53
4 29 19
4 33 32
4 34 26
4 35 21
4 38 65
4 39 60
4 45 20
4 48 34
4 54 36
4 59 78
4 62 9
4 66 18
4 68 16
4 70 28
4 71 85
4 75 93
4 79 7
4 82 24
4 86 2
4 87 22
4 88 34
4 91 66
4 99 66
4 103 40
4 105 3
4 106 10
4 111 85
4 112 53
4 113 88
4 114 39
4 117 59
4 122 6
4 123 50
4 125 41
4 127 7
4 128 56
4 129 68
4 132 79
4 134 67
4 136 48
4 141 10
4 149 89
4 153 39
4 154 64
4 155 17
4 157 93
4 160 60
4 161 90
4 162 15
4 169 90
4 174 76
4 180 93
4 182 53
4 183 60
4 186 81
4 187 63
4 188 48
4 195 26
4 198 73
4 209 84
4 213 26
4 219 74
4 221 99
4 222 99
4 224 37
4 229 1
4 232 55
4 233 35
4 234 28
4 238 27
4 240 82
4 245 48
5 8 94
5 11 39
5 14 75
5 21 14
5 22 86
5 24 57
5 25 28
5 31 91
5 33 25
5 41 28
5 46 55
5 47 66
5 58 49
5 75 48
5 76 46
5 77 35
5 80 79
5 81 30
5 83 78
5 84 82
5 85 20
5 87 12
5 89 14
5 94 41
5 99 86
5 106 19
5 107 80
5 112 62
5 114 75
5 118 53
5 119 61
5 121 7
5 124 99
5 127 81
5 136 72
5 142 41
5 145 47
5 149 61
5 159 57
5 163 84
5 165 12
5 168 38
5 173 64
5 178 86
5 183 28
5 185 17
5 187 100
5 193 67
5 196 36
5 205 27
5 215 35
5 217 63
5 225 48
5 228 71
5 229 2
5 233 40
5 237 52
5 244 66
5 248 40
6 7 70
6 8 94
6 10 41
6 20 40
6 29 77
6 34 9
6 36 81
6 38 12
6 43 74
6 48 32
6 51 86
6 59 12
6 63 38
6 74 22
6 75 42
6 76 34
6 79 41
6 89 82
6 91 10
6 93 45
6 94 99
6 95 12
6 99 90
6 107 42
6 114 85
6 119 14
6 122 37
6 123 7
6 125 71
6 127 52
6 129 31
6 131 76
6 132 34
6 133 56
6 138 81
6 143 71
6 147 95
6 157 34
6 159 89
6 161 81
6 163 13
6 166 89
6 167 77
6 169 5
6 170 97
6 171 99
6 173 15
6 176 69
6 180 98
6 181 17
6 186 73
6 200 46
6 209 64
6 210 62
6 212 24
6 213 14
6 214 56
6 219 83
6 221 88
6 228 23
6 232 74
6 242 100
6 249 96
7 10 46
7 17 47
7 23 77
7 24 75
7 26 58
7 35 59
7 37 49
7 39 5
7 40 100
7 41 47
7 46 75
7 49 63
7 51 2
7 56 51
7 61 86
7 65 68
7 67 20
7 74 99
7 76 100
7 79 91
7 81 18
7 88 78
7 91 12
7 99 84
7 100 95
7 105 12
7 107 56
7 110 31
7 111 78
7 112 69
7 113 75
7 115 25
7 119 1
7 122 5
7 129 17
7 133 87
7 139 72
7 140 97
7 144 92
7 149 2
7 153 40
7 154 24
7 173 47
7 175 52
7 176 48
7 179 23
7 185 63
7 189 33
7 191 81
7 193 61
7 194 95
7 198 71
7 201 89
7 202 24
7 218 56
7 235 100
7 241 66
7 247 48
7 248 19
8 9 86
8 11 87
8 16 7
8 17 2
8 19 89
8 22 63
8 25 18
8 31 93
8 38 41
8 46 44
8 49 47
8 50 82
8 64 1
8 65 56
8 66 99
8 79 74
8 80 43
8 81 44
8 83 10
8 85 6
8 86 32
8 94 60
8 95 14
8 96 4
8 97 3
8 100 24
8 102 100
8 105 3
8 106 27
8 107 78
8 108 18
8 109 1
8 116 14
8 120 7
8 127 17
8 129 71
8 140 33
8 141 13
8 143 69
8 145 27
8 148 61
8 149 42
8 150 90
8 155 60
8 158 99
8 161 34
8 162 88
8 164 5
8 171 53
8 177 48
8 178 9
8 179 67
8 180 71
8 181 25
8 188 35
8 189 12
8 194 57
8 196 81
8 198 87
8 199 8
8 206 61
8 210 90
8 213 76
8 214 31
8 225 24
8 226 96
8 228 95
8 231 25
8 232 58
8 234 74
8 237 90
8 242 66
8 249 46
9 16 88
9 18 41
9 19 88
9 20 21
9 23 67
9 25 32
9 39 88
9 40 11
9 42 51
9 43 54
9 44 77
9 49 54
9 58 41
9 71 65
9 79 50
9 85 91
9 88 13
9 89 5
9 94 69
9 95 78
9 97 18
9 100 43
9 106 100
9 108 43
9 112 30
9 122 5
9 123 35
9 125 77
9 127 21
9 128 50
9 129 13
9 130 26
9 132 30
9 133 21
9 134 18
9 139 76
9 140 12
9 142 22
9 144 94
9 145 4
9 148 99
9 151 30
9 154 44
9 156 61
9 160 48
9 161 21
9 167 26
9 171 33
9 173 13
9 178 91
9 181 67
9 189 85
9 195 42
9 199 54
9 202 40
9 206 47
9 208 1
9 212 29
9 214 71
9 224 1
9 225 49
9 226 49
9 240 9
9 243 52
9 248 85
9 249 8
10 14 58
10 15 83
10 16 95
10 23 91
10 26 58
10 30 49
10 33 87
10 34 39
10 36 54
10 37 24
10 41 6
10 47 3
10 48 36
10 49 92
10 50 32
10 52 59
10 53 38
10 62 57
10 63 85
10 70 35
10 71 52
10 74 30
10 75 92
10 80 57
10 85 11
10 90 77
10 94 72
10 96 70
10 104 26
10 106 57
10 107 9
10 113 73
10 116 25
10 125 47
10 134 50
10 137 6
10 145 79
10 148 68
10 150 38
10 151 68
10 161 49
10 173 92
10 174 37
10 180 97
10 182 87
10 188 95
10 190 87
10 193 85
10 197 79
10 198 50
10 210 44
10 212 21
10 216 25
10 218 10
10 221 26
10 227 59
10 232 9
10 236 76
10 237 33
10 242 25
10 249 86
11 12 86
11 17 98
11 18 96
11 19 27
11 25 84
11 26 31
11 27 58
11 29 38
11 30 39
11 31 9
11 36 82
11 40 88
11 46 93
11 47 7
11 51 49
11 54 57
11 55 84
11 56 76
11 64 72
11 74 32
11 75 13
11 78 56
11 80 40
11 83 88
11 86 67
11 88 90
11 90 53
11 95 34
11 99 26
11 100 23
11 102 34
11 103 4
11 108 14
11 112 13
11 126 90
11 130 65
11 134 43
11 135 76
11 137 89
11 140 6
11 141 12
11 145 85
11 152 84
11 154 82
11 160 24
11 164 10
11 167 90
11 171 9
11 172 9
11 174 7
11 176 31
11 179 87
11 181 29
11 186 53
11 195 1
11 197 49
11 201 7
11 205 16
11 209 60
11 211 65
11 213 44
11 220 75
11 221 1
11 223 49
11 231 46
11 232 71
11 242 89
11 244 89
11 245 47
12 13 53
12 24 47
12 26 15
12 27 75
12 30 54
12 36 17
12 38 21
12 44 23
12 45 80
12 54 27
12 55 77
12 56 82
12 67 64
12 69 87
12 71 43
12 74 5
12 75 49
12 80 87
12 81 7
12 92 96
12 93 46
12 94 55
12 114 75
12 118 10
12 127 85
12 128 56
12 132 66
12 133 27
12 136 92
12 140 27
12 144 62
12 152 29
12 157 77
12 162 25
12 170 61
12 172 66
12 175 88
12 177 16
12 179 75
12 180 43
12 181 45
12 186 5
12 188 45
12 197 26
12 200 48
12 201 85
12 208 25
12 209 61
12 214 31
12 217 93
12 218 46
12 220 72
12 222 30
12 225 8
12 228 52
12 232 91
12 233 99
12 235 23
12 244 11
12 250 93
13 16 33
13 27 31
13 28 65
13 29 16
13 30 27
13 33 76
13 35 93
13 38 76
13 44 56
13 50 12
13 57 60
13 60 39
13 64 60
13 65 25
13 69 37
13 71 35
13 76 93
13 77 97
13 79 16
13 81 14
13 82 41
13 87 45
13 89 26
13 91 62
13 96 4
13 117 62
13 118 65
13 119 55
13 124 82
13 127 57
13 133 32
13 138 71
13 139 47
13 140 37
13 150 53
13 153 40
13 155 29
13 156 17
13 158 90
13 163 99
13 166 63
13 168 87
13 169 32
13 173 43
13 182 11
13 184 9
13 196 95
13 204 10
13 206 12
13 209 42
13 220 50
13 229 21
13 230 13
13 237 72
13 239 28
13 244 69
13 246 54
13 248 86
14 16 6
14 20 31
14 22 58
14 36 7
14 42 1
14 54 20
14 56 40
14 65 76
14 66 5
14 69 43
14 74 3
14 76 49
14 79 92
14 80 60
14 82 70
14 83 75
14 84 73
14 98 54
14 108 72
14 112 67
14 114 67
14 117 44
14 119 34
14 122 67
14 128 10
14 134 28
14 136 46
14 139 83
14 145 62
14 150 31
14 151 97
14 153 59
14 166 39
14 167 94
14 172 87
14 175 36
14 183 100
14 185 49
14 186 93
14 189 49
14 196 100
14 208 55
14 209 2
14 214 11
14 220 73
14 226 20
14 230 46
14 231 45
14 233 64
14 234 51
14 244 10
14 248 99
15 23 40
15 24 25
15 25 18
15 26 47
15 30 73
15 36 91
15 37 16
15 45 64
15 53 43
15 54 52
15 55 97
15 57 46
15 59 64
15 63 30
15 66 87
15 67 18
15 68 70
15 72 81
15 76 30
15 79 60
15 81 24
15 84 93
15 87 18
15 97 65
15 111 21
15 117 5
15 124 12
15 126 50
15 129 31
15 132 60
15 148 44
15 152 37
15 153 68
15 157 25
15 160 12
15 161 29
15 162 20
15 167 87
15 173 24
15 174 88
15 175 61
15 176 37
15 180 80
15 184 7
15 188 65
15 190 52
15 191 30
15 193 80
15 197 88
15 203 38
15 206 3
15 208 21
15 216 35
15 218 14
15 225 57
15 228 63
15 229 35
15 231 68
15 235 58
15 243 63
15 245 12
15 248 99
16 22 56
16 23 77
16 25 1
16 30 31
16 31 77
16 35 32
16 39 54
16 40 50
16 42 98
16 45 14
16 51 9
16 56 37
16 57 36
16 70 87
16 71 29
16 80 39
16 88 70
16 91 94
16 95 16
16 97 45
16 100 22
16 105 8
16 106 50
16 114 48
16 120 15
16 122 11
16 124 15
16 126 8
16 128 22
16 130 23
16 135 34
16 139 12
16 141 13
16 142 90
16 147 66
16 148 56
16 151 94
16 152 81
16 153 41
16 154 64
16 158 79
16 163 7
16 167 54
16 168 61
16 169 82
16 176 5
16 179 66
16 180 16
16 184 75
16 185 87
16 189 6
16 196 13
16 197 96
16 199 100
16 202 95
16 213 29
16 217 23
16 228 87
16 229 19
16 236 40
16 245 75
17 18 94
17 23 40
17 40 42
17 47 5
17 54 13
17 56 48
17 59 91
17 60 45
17 61 99
17 65 53
17 66 68
17 68 95
17 70 26
17 72 75
17 73 28
17 78 63
17 81 46
17 83 44
17 86 50
17 94 41
17 96 16
17 97 52
17 104 82
17 106 64
17 108 57
17 111 28
17 132 25
17 133 84
17 135 93
17 143 20
17 146 2
17 148 13
17 153 90
17 155 10
17 156 26
17 166 96
17 177 64
17 179 54
17 181 63
17 184 35
17 190 4
17 199 19
17 200 74
17 201 74
17 205 57
17 221 40
17 226 98
17 227 90
17 229 29
17 231 85
17 233 36
17 237 58
17 238 54
17 249 52
18 23 25
18 24 58
18 26 93
18 33 97
18 37 6
18 39 98
18 40 79
18 42 71
18 46 28
18 48 89
18 50 36
18 53 97
18 59 99
18 60 79
18 70 59
18 86 6
18 87 59
18 89 57
18 96 18
18 99 40
18 101 41
18 103 36
18 108 38
18 109 23
18 113 33
18 115 40
18 123 89
18 125 30
18 128 28
18 129 87
18 132 60
18 136 6
18 137 54
18 146 50
18 149 18
18 169 15
18 179 27
18 182 100
18 186 1
18 189 76
18 192 36
18 194 2
18 200 88
18 201 97
18 203 80
18 205 79
18 215 5
18 216 4
18 219 66
18 220 62
18 221 1
18 223 23
18 224 48
18 226 79
18 249 84
19 24 68
19 29 67
19 33 98
19 34 2
19 40 2
19 41 1
19 42 47
19 45 27
19 53 2
19 54 8
19 58 85
19 60 37
19 61 24
19 62 18
19 64 71
19 69 78
19 73 7
19 75 60
19 81 75
19 82 74
19 86 40
19 89 15
19 90 61
19 91 48
19 94 26
19 95 76
19 99 73
19 101 62
19 104 64
19 114 53
19 120 80
19 128 56
19 131 31
19 143 12
19 149 30
19 152 62
19 154 70
19 158 89
19 160 33
19 162 70
19 165 71
19 169 30
19 171 34
19 177 35
19 178 56
19 186 55
19 189 8
19 190 5
19 194 77
19 197 71
19 200 96
19 222 67
19 223 10
19 236 100
19 237 19
19 240 29
19 244 85
20 24 70
20 26 55
20 31 41
20 37 49
20 40 33
20 47 93
20 52 69
20 54 9
20 55 46
20 72 23
20 74 48
20 76 14
20 83 96
20 86 97
20 87 10
20 91 16
20 105 15
20 108 82
20 120 70
20 122 18
20 124 10
20 138 19
20 142 45
20 143 70
20 148 9
20 151 5
20 153 53
20 154 41
20 155 8
20 157 62
20 160 78
20 161 68
20 163 12
20 166 3
20 169 70
20 171 88
20 178 83
20 191 10
20 202 80
20 205 15
20 209 79
20 214 48
20 216 50
20 220 94
20 234 77
20 235 99
20 236 8
21 23 42
21 24 62
21 26 44
21 27 46
21 30 74
21 37 80
21 41 58
21 42 51
21 46 73
21 47 76
21 48 18
21 49 97
21 51 93
21 57 81
21 60 74
21 61 55
21 64 97
21 65 51
21 82 5
21 84 3
21 86 67
21 91 100
21 95 26
21 101 3
21 108 37
21 120 92
21 121 71
21 122 43
21 123 26
21 128 63
21 135 42
21 141 21
21 147 40
21 148 80
21 151 95
21 154 58
21 155 67
21 156 79
21 157 74
21 160 11
21 164 49
21 167 37
21 175 55
21 176 29
21 177 84
21 179 63
21 188 20
21 190 15
21 191 39
21 199 25
21 200 35
21 207 86
21 211 61
21 220 80
21 223 92
21 230 29
21 234 20
21 238 9
21 241 58
21 242 27
22 24 88
22 27 36
22 36 52
22 39 4
22 42 47
22 43 2
22 45 23
22 47 88
22 49 32
22 51 58
22 52 80
22 54 71
22 65 79
22 72 29
22 73 29
22 78 15
22 80 85
22 83 53
22 86 33
22 91 66
22 93 7
22 94 38
22 97 47
22 99 17
22 104 96
22 105 26
22 109 85
22 118 1
22 122 91
22 133 89
22 136 24
22 148 65
22 149 95
22 150 30
22 152 14
22 155 37
22 157 78
22 158 52
22 162 52
22 164 8
22 165 8
22 166 61
22 167 25
22 168 23
22 169 96
22 170 24
22 171 18
22 174 60
22 185 74
22 186 96
22 200 74
22 202 47
22 204 91
22 208 10
22 210 35
22 211 21
22 215 46
22 216 24
22 217 89
22 219 69
22 221 42
22 232 35
22 236 61
22 237 31
22 242 79
22 246 49
23 24 61
23 25 19
23 28 67
23 29 6
23 31 8
23 32 22
23 39 18
23 40 10
23 42 49
23 51 92
23 52 58
23 54 24
23 63 41
23 66 16
23 67 2
23 73 12
23 74 71
23 78 84
23 84 71
23 86 88
23 96 62
23 103 78
23 110 70
23 115 48
23 122 47
23 126 95
23 130 34
23 135 28
23 136 67
23 139 85
23 140 73
23 142 28
23 143 12
23 144 65
23 149 67
23 151 72
23 152 36
23 153 41
23 155 21
23 161 55
23 163 79
23 167 91
23 168 71
23 188 45
23 197 16
23 198 99
23 206 17
23 209 32
23 212 39
23 214 20
23 215 93
23 216 14
23 217 50
23 218 25
23 219 72
23 234 7
23 240 44
23 248 3
24 26 37
24 27 44
24 34 47
24 36 55
24 37 52
24 41 14
24 43 42
24 51 64
24 52 2
24 57 92
24 63 15
24 64 52
24 70 61
24 72 85
24 77 47
24 83 17
24 84 37
24 85 67
24 86 17
24 87 53
24 88 96
24 94 6
24 96 25
24 108 75
24 115 50
24 117 9
24 128 6
24 129 25
24 131 62
24 132 76
24 134 7
24 135 60
24 136 41
24 137 63
24 138 23
24 139 63
24 141 28
24 144 62
24 151 94
24 152 67
24 157 81
24 165 54
24 173 20
24 175 68
24 181 66
24 191 42
24 195 16
24 198 68
24 201 98
24 202 17
24 204 83
24 208 77
24 210 75
24 214 74
24 215 45
24 218 8
24 220 76
24 221 65
24 223 82
24 234 28
24 235 55
24 237 28
24 244 59
24 247 20
24 248 56
24 250 2
25 29 76
25 33 52
25 41 81
25 42 27
25 46 60
25 51 77
25 60 86
25 61 40
25 62 51
25 67 82
25 70 73
25 76 32
25 82 14
25 98 16
25 101 32
25 103 15
25 107 71
25 110 81
25 112 4
25 115 17
25 123 82
25 125 13
25 131 100
25 137 51
25 150 69
25 156 7
25 157 68
25 158 53
25 159 93
25 161 68
25 165 4
25 179 8
25 183 32
25 185 76
25 186 81
25 188 79
25 193 95
25 195 10
25 197 34
25 199 82
25 200 22
25 202 100
25 204 31
25 209 1
25 216 20
25 220 100
25 221 53
25 224 26
25 226 25
25 229 68
25 230 64
25 231 27
25 232 6
25 233 63
25 237 15
25 239 95
25 242 80
25 243 55
25 247 11
25 248 1
26 27 85
26 28 91
26 29 32
26 30 63
26 32 14
26 34 28
26 36 55
26 37 19
26 40 35
26 42 57
26 43 25
26 47 29
26 51 71
26 55 39
26 67 68
26 68 77
26 70 22
26 73 69
26 82 97
26 85 69
26 91 1
26 106 38
26 110 81
26 112 50
26 117 58
26 129 66
26 131 80
26 132 67
26 134 20
26 136 23
26 139 15
26 140 5
26 142 99
26 149 48
26 152 76
26 156 29
26 158 46
26 161 14
26 163 72
26 164 50
26 166 62
26 169 88
26 173 48
26 181 62
26 182 65
26 183 83
26 189 86
26 192 16
26 196 33
26 197 15
26 199 99
26 203 70
26 207 59
26 209 19
26 210 46
26 212 25
26 219 42
26 221 25
26 223 55
26 225 11
26 226 9
26 231 94
27 32 19
27 48 42
27 60 48
27 64 27
27 67 33
27 82 98
27 89 36
27 91 62
27 93 30
27 97 22
27 98 13
27 99 13
27 109 83
27 115 13
27 119 42
27 122 22
27 131 100
27 137 31
27 138 6
27 139 18
27 141 99
27 147 66
27 157 79
27 158 94
27 159 2
27 162 15
27 166 38
27 168 30
27 173 72
27 177 69
27 184 29
27 186 98
27 200 67
27 204 37
27 205 79
27 208 93
27 214 60
27 215 59
27 218 67
27 219 22
27 222 80
27 223 100
27 237 16
27 239 35
27 240 34
27 245 20
27 247 51
28 36 89
28 40 66
28 41 24
28 43 9
28 47 50
28 50 30
28 55 18
28 60 48
28 68 83
28 70 80
28 71 74
28 83 46
28 91 89
28 94 10
28 98 47
28 99 79
28 104 35
28 105 67
28 106 19
28 108 75
28 109 66
28 114 47
28 115 33
28 122 16
28 123 92
28 129 93
28 130 86
28 139 50
28 148 63
28 149 70
28 152 67
28 155 13
28 157 48
28 159 97
28 160 8
28 162 57
28 165 89
28 167 85
28 168 47
28 171 44
28 177 64
28 178 49
28 181 11
28 185 20
28 186 24
28 202 77
28 204 77
28 209 44
28 210 35
28 211 82
28 219 87
28 220 90
28 223 83
28 226 19
28 229 24
28 230 92
28 232 52
28 241 67
28 243 32
28 244 34
28 246 16
28 247 18
28 248 19
28 249 64
29 33 47
29 35 27
29 36 5
29 37 2
29 40 56
29 42 39
29 44 14
29 46 66
29 51 80
29 54 54
29 56 63
29 64 64
29 67 34
29 70 65
29 75 79
29 80 23
29 82 94
29 83 88
29 84 100
29 97 51
29 100 88
29 112 92
29 117 40
29 119 67
29 125 26
29 126 3
29 129 1
29 135 42
29 136 63
29 139 36
29 144 37
29 161 17
29 165 99
29 174 41
29 183 74
29 184 76
29 185 39
29 188 14
29 198 16
29 200 88
29 203 79
29 208 89
29 210 27
29 212 96
29 218 26
29 223 25
29 224 43
29 226 66
29 237 31
29 239 7
29 240 4
29 248 98
29 249 61
29 250 45
30 34 8
30 36 67
30 43 33
30 45 26
30 48 98
30 50 15
30 51 84
30 53 28
30 58 66
30 68 89
30 75 52
30 81 69
30 86 3
30 92 10
30 93 19
30 95 48
30 96 67
30 101 15
30 104 45
30 105 17
30 112 52
30 114 69
30 118 92
30 125 48
30 126 53
30 128 97
30 133 90
30 142 4
30 146 9
30 149 94
30 156 21
30 160 84
30 168 48
30 169 69
30 177 42
30 181 44
30 186 70
30 187 35
30 199 44
30 205 1
30 206 7
30 216 9
30 222 29
30 223 30
30 226 86
30 227 33
30 235 62
30 237 16
30 241 75
30 244 100
30 247 53
31 34 95
31 38 71
31 39 42
31 42 52
31 45 45
31 46 87
31 50 90
31 54 96
31 61 30
31 62 43
31 70 82
31 74 43
31 79 16
31 81 21
31 82 21
31 83 13
31 89 34
31 90 70
31 94 93
31 102 61
31 106 42
31 107 49
31 109 2
31 118 67
31 120 64
31 128 96
31 131 35
31 136 71
31 142 12
31 145 56
31 150 1
31 153 29
31 160 32
31 163 89
31 164 84
31 168 78
31 170 61
31 171 36
31 176 91
31 177 48
31 179 14
31 180 77
31 181 1
31 182 1
31 183 57
31 186 16
31 190 20
31 191 75
31 193 52
31 199 15
31 200 80
31 205 52
31 208 65
31 211 78
31 212 84
31 214 11
31 215 30
31 224 26
31 226 77
31 228 80
31 229 67
31 232 15
31 233 31
31 237 54
31 247 100
31 248 30
31 249 52
32 33 31
32 36 58
32 41 62
32 44 35
32 45 34
32 49 54
32 54 12
32 55 49
32 58 66
32 59 74
32 60 90
32 62 7
32 64 86
32 65 59
32 66 53
32 72 17
32 76 33
32 77 33
32 78 36
32 84 79
32 87 13
32 89 67
32 99 68
32 100 99
32 103 75
32 107 20
32 117 93
32 119 73
32 120 12
32 121 83
32 124 77
32 126 96
32 132 33
32 134 81
32 137 79
32 138 11
32 148 36
32 149 31
32 155 66
32 156 10
32 165 14
32 168 42
32 170 69
32 173 78
32 174 57
32 179 52
32 187 57
32 190 50
32 194 6
32 198 24
32 200 4
32 202 33
32 208 6
32 220 84
32 236 91
32 241 70
32 242 2
32 243 3
32 247 31
32 248 34
33 35 94
33 38 90
33 42 27
33 49 80
33 52 79
33 53 79
33 54 26
33 55 46
33 61 43
33 63 79
33 69 79
33 75 2
33 79 20
33 85 92
33 87 27
33 94 4
33 104 8
33 105 82
33 108 96
33 109 8
33 113 31
33 125 14
33 128 17
33 130 99
33 141 61
33 142 97
33 149 14
33 152 39
33 167 58
33 170 20
33 172 52
33 175 58
33 179 31
33 180 63
33 182 97
33 183 38
33 185 83
33 187 46
33 188 13
33 191 92
33 197 94
33 199 72
33 211 51
33 213 5
33 218 24
33 219 69
33 220 41
33 222 43
33 224 71
33 228 3
33 229 62
33 231 28
33 233 98
33 235 32
33 236 52
33 249 33
34 35 96
34 39 92
34 46 72
34 50 59
34 60 70
34 62 46
34 63 21
34 64 64
34 66 24
34 70 17
34 77 27
34 84 6
34 88 51
34 89 24
34 94 6
34 95 19
34 97 58
34 98 85
34 100 63
34 116 98
34 117 23
34 119 30
34 126 24
34 128 69
34 136 15
34 139 2
34 140 4
34 141 83
34 144 25
34 147 58
34 160 15
34 165 14
34 169 51
34 173 32
34 176 79
34 181 23
34 182 14
34 197 74
34 206 10
34 214 71
34 216 7
34 221 86
34 224 64
34 227 75
34 228 100
34 229 81
34 230 8
34 231 44
34 240 63
34 241 99
34 245 67
34 249 40
34 250 90
35 38 99
35 42 38
35 43 56
35 44 16
35 46 21
35 47 60
35 48 58
35 49 6
35 50 82
35 56 7
35 60 15
35 61 61
35 63 31
35 65 98
35 66 78
35 67 25
35 77 14
35 80 95
35 83 47
35 84 26
35 86 8
35 89 63
35 94 72
35 100 52
35 106 39
35 108 48
35 109 78
35 110 33
35 111 89
35 116 92
35 121 25
35 128 14
35 131 75
35 136 73
35 139 38
35 143 26
35 144 51
35 149 13
35 160 9
35 164 3
35 168 55
35 171 9
35 176 51
35 186 17
35 188 68
35 191 1
35 192 30
35 193 19
35 195 27
35 197 17
35 200 69
35 201 96
35 204 6
35 205 51
35 219 20
35 224 69
35 228 86
35 229 18
35 232 23
35 235 90
35 236 43
35 237 61
35 240 19
35 250 81
36 40 93
36 43 49
36 51 8
36 58 49
36 65 22
36 78 38
36 81 84
36 82 23
36 84 71
36 90 53
36 93 79
36 98 56
36 105 58
36 106 64
36 108 84
36 109 99
36 110 72
36 112 94
36 114 45
36 115 86
36 116 71
36 117 72
36 119 24
36 123 39
36 127 43
36 128 52
36 130 14
36 131 55
36 144 75
36 146 27
36 151 100
36 154 35
36 156 4
36 159 89
36 166 3
36 171 56
36 176 90
36 183 62
36 184 35
36 186 10
36 189 56
36 190 16
36 192 45
36 202 24
36 203 23
36 207 94
36 209 7
36 211 2
36 212 56
36 213 16
36 216 44
36 218 85
36 224 54
36 225 46
36 239 18
36 243 19
36 246 98
37 38 41
37 44 83
37 46 33
37 56 63
37 57 61
37 61 5
37 62 28
37 67 99
37 75 71
37 77 20
37 87 89
37 93 96
37 95 45
37 96 52
37 101 94
37 114 28
37 116 60
37 119 79
37 124 37
37 127 73
37 128 99
37 129 52
37 130 6
37 131 46
37 136 18
37 140 11
37 147 18
37 148 24
37 149 86
37 162 4
37 163 85
37 167 82
37 180 4
37 185 28
37 186 41
37 188 67
37 191 59
37 192 90
37 200 41
37 203 67
37 205 50
37 210 11
37 214 33
37 217 78
37 225 6
37 229 18
37 235 89
37 249 70
38 42 14
38 49 38
38 55 28
38 56 34
38 60 46
38 61 16
38 68 77
38 73 50
38 74 9
38 78 27
38 80 61
38 81 45
38 83 43
38 86 98
38 88 46
38 90 22
38 96 2
38 112 87
38 118 59
38 131 18
38 135 65
38 136 81
38 142 32
38 143 11
38 146 19
38 147 44
38 156 29
38 162 45
38 168 99
38 171 71
38 174 3
38 176 85
38 177 51
38 179 52
38 180 87
38 182 76
38 185 47
38 201 68
38 202 7
38 205 41
38 208 44
38 211 62
38 217 80
38 219 2
38 223 89
38 226 98
38 227 88
38 228 1
38 229 34
38 230 4
38 234 8
38 239 68
38 240 34
38 241 64
38 243 89
38 244 52
38 247 93
39 40 94
39 42 42
39 43 85
39 52 64
39 56 22
39 59 55
39 62 80
39 68 7
39 69 18
39 73 53
39 76 66
39 80 29
39 85 84
39 89 6
39 90 55
39 92 28
39 96 57
39 98 97
39 102 27
39 110 4
39 115 29
39 116 69
39 117 46
39 118 42
39 119 30
39 121 26
39 130 33
39 134 42
39 141 65
39 144 40
39 145 86
39 146 35
39 148 57
39 154 23
39 156 20
39 159 76
39 163 6
39 171 83
39 172 32
39 176 41
39 181 82
39 182 18
39 185 39
39 206 96
39 208 30
39 211 70
39 213 98
39 214 7
39 215 3
39 217 83
39 221 69
39 224 60
39 228 46
39 229 64
39 231 41
39 234 59
39 237 69
39 239 76
39 242 4
39 245 20
39 247 19
40 42 38
40 43 93
40 45 40
40 46 68
40 50 41
40 53 12
40 65 27
40 69 41
40 76 54
40 80 55
40 81 32
40 82 39
40 86 88
40 89 63
40 90 68
40 96 60
40 97 51
40 98 59
40 100 47
40 102 70
40 103 77
40 104 90
40 105 52
40 107 88
40 109 50
40 110 33
40 117 6
40 123 79
40 136 31
40 147 55
40 149 32
40 150 42
40 160 66
40 162 96
40 164 77
40 169 36
40 170 99
40 179 44
40 190 33
40 191 3
40 192 21
40 193 99
40 194 39
40 199 66
40 200 23
40 204 14
40 213 33
40 219 34
40 221 32
40 222 70
40 223 70
40 227 46
40 228 70
40 235 78
40 239 56
40 242 92
40 243 25
41 50 74
41 51 74
41 52 63
41 61 71
41 62 91
41 63 42
41 67 84
41 68 42
41 70 75
41 72 48
41 76 61
41 83 30
41 84 78
41 85 25
41 88 24
41 95 25
41 97 16
41 101 65
41 108 37
41 110 13
41 112 87
41 116 87
41 118 12
41 123 65
41 124 5
41 126 48
41 136 98
41 142 99
41 145 45
41 146 2
41 147 35
41 149 15
41 159 23
41 173 15
41 177 57
41 178 27
41 179 87
41 180 37
41 189 67
41 191 23
41 192 72
41 193 16
41 195 30
41 219 18
41 220 27
41 227 73
41 230 100
41 235 30
41 239 49
41 241 12
41 245 59
42 44 70
42 49 85
42 50 74
42 53 34
42 58 46
42 61 72
42 64 64
42 66 81
42 74 77
42 86 91
42 98 2
42 99 43
42 106 93
42 109 30
42 114 75
42 119 10
42 128 19
42 129 65
42 130 99
42 131 83
42 142 66
42 148 86
42 153 51
42 156 41
42 160 52
42 163 54
42 167 9
42 168 87
42 176 14
42 178 56
42 180 49
42 181 56
42 183 7
42 184 73
42 186 5
42 187 35
42 189 42
42 195 60
42 198 20
42 205 19
42 206 59
42 209 12
42 213 5
42 215 59
42 216 71
42 222 99
42 226 19
42 228 37
42 229 77
42 230 54
42 236 45
42 239 40
42 241 17
42 250 91
43 45 79
43 55 88
43 65 82
43 72 71
43 81 97
43 87 18
43 90 28
43 95 2
43 99 73
43 101 54
43 105 56
43 108 12
43 114 12
43 117 21
43 121 60
43 125 92
43 130 90
43 134 78
43 137 40
43 140 51
43 147 99
43 148 1
43 150 91
43 170 23
43 175 95
43 176 33
43 177 46
43 178 53
43 184 97
43 185 58
43 189 31
43 190 55
43 191 78
43 195 46
43 198 2
43 206 81
43 213 99
43 214 78
43 215 21
43 216 33
43 217 5
43 222 27
43 224 33
43 229 61
43 231 96
43 232 93
43 237 96
43 238 12
43 242 40
43 244 51
43 245 89
43 247 41
44 60 62
44 63 90
44 65 62
44 66 16
44 70 97
44 73 75
44 76 73
44 83 87
44 94 6
44 96 54
44 98 22
44 100 21
44 101 94
44 105 38
44 106 58
44 107 98
44 112 28
44 121 5
44 122 2
44 123 74
44 124 70
44 125 24
44 126 60
44 128 18
44 130 24
44 136 64
44 138 92
44 139 7
44 140 59
44 141 78
44 146 7
44 150 36
44 153 59
44 154 54
44 160 66
44 165 34
44 166 29
44 168 1
44 174 34
44 176 36
44 178 42
44 180 30
44 181 97
44 184 45
44 189 43
44 198 14
44 201 24
44 202 94
44 205 97
44 207 68
44 208 54
44 209 12
44 213 90
44 214 4
44 221 27
44 222 68
44 223 77
44 224 41
44 228 98
44 231 21
44 233 60
44 234 83
44 235 91
44 238 36
44 240 38
45 46 14
45 47 27
45 55 58
45 61 84
45 66 11
45 72 4
45 76 36
45 82 52
45 83 33
45 84 23
45 87 85
45 95 4
45 96 72
45 97 92
45 98 15
45 100 15
45 101 11
45 122 36
45 124 57
45 127 75
45 130 40
45 144 41
45 156 54
45 157 24
45 159 42
45 172 97
45 176 87
45 181 44
45 182 81
45 183 20
45 185 15
45 196 43
45 200 47
45 204 15
45 206 89
45 207 32
45 208 14
45 218 42
45 222 7
45 225 24
45 233 38
45 237 19
45 239 74
45 244 68
45 245 57
45 250 19
46 47 11
46 48 5
46 55 40
46 58 11
46 64 11
46 68 64
46 77 83
46 79 18
46 82 37
46 89 91
46 90 48
46 91 7
46 96 72
46 98 64
46 100 98
46 110 95
46 112 55
46 113 73
46 114 65
46 116 91
46 123 75
46 126 40
46 127 98
46 128 17
46 134 14
46 136 86
46 138 68
46 140 85
46 144 18
46 158 23
46 163 8
46 164 77
46 169 87
46 171 17
46 177 76
46 178 35
46 180 5
46 182 36
46 183 90
46 188 5
46 190 55
46 192 64
46 193 73
46 195 25
46 199 41
46 200 57
46 203 69
46 205 10
46 207 58
46 211 83
46 213 39
46 215 11
46 219 89
46 231 24
46 234 51
46 240 22
46 244 19
46 246 42
46 250 55
47 48 20
47 53 33
47 64 73
47 78 17
47 80 29
47 81 61
47 87 78
47 88 42
47 92 78
47 101 67
47 102 31
47 105 19
47 112 70
47 113 8
47 114 36
47 116 65
47 122 55
47 125 26
47 126 71
47 128 90
47 131 69
47 133 83
47 134 55
47 136 91
47 139 98
47 140 88
47 141 30
47 147 50
47 150 15
47 155 79
47 157 33
47 161 33
47 165 79
47 166 29
47 167 18
47 169 95
47 176 27
47 178 5
47 180 89
47 183 24
47 188 9
47 201 38
47 207 87
47 210 91
47 211 2
47 214 29
47 221 74
47 223 2
47 232 26
47 240 50
47 242 72
48 51 24
48 54 81
48 57 21
48 58 33
48 61 58
48 62 13
48 64 84
48 65 2
48 67 49
48 69 96
48 74 24
48 77 14
48 81 78
48 82 37
48 85 75
48 91 77
48 94 25
48 98 72
48 99 38
48 100 78
48 106 43
48 107 74
48 114 48
48 124 80
48 128 75
48 131 78
48 134 47
48 136 78
48 142 61
48 143 21
48 149 99
48 152 60
48 154 13
48 155 61
48 157 59
48 158 80
48 161 78
48 171 98
48 172 13
48 179 12
48 192 94
48 193 74
48 199 11
48 201 27
48 204 42
48 205 38
48 210 64
48 213 97
48 218 75
48 219 38
48 220 62
48 225 90
48 227 83
48 229 9
48 236 27
48 239 78
48 241 4
48 245 42
48 246 61
48 250 91
49 62 29
49 63 41
49 69 21
49 73 68
49 76 67
49 80 86
49 82 16
49 85 33
49 89 23
49 91 10
49 96 3
49 101 13
49 108 4
49 115 59
49 119 24
49 120 58
49 122 10
49 125 36
49 131 83
49 132 9
49 140 35
49 142 59
49 143 35
49 154 34
49 156 17
49 157 81
49 158 64
49 161 83
49 163 17
49 164 40
49 182 63
49 184 26
49 189 3
49 193 70
49 200 6
49 204 17
49 210 76
49 211 79
49 213 50
49 218 66
49 221 19
49 226 91
49 227 27
49 228 60
49 229 90
49 234 25
49 240 30
49 243 46
50 61 9
50 62 22
50 77 74
50 88 96
50 90 17
50 95 31
50 96 98
50 98 83
50 111 44
50 116 60
50 117 14
50 118 13
50 119 2
50 121 16
50 127 45
50 139 63
50 140 79
50 141 34
50 144 2
50 145 29
50 146 4
50 149 7
50 150 11
50 153 22
50 155 41
50 159 52
50 161 82
50 163 30
50 165 84
50 169 32
50 170 23
50 175 10
50 176 5
50 183 26
50 196 58
50 197 63
50 199 43
50 203 91
50 207 88
50 210 79
50 217 25
50 219 1
50 224 5
50 227 93
50 228 41
50 231 75
50 239 1
50 244 77
50 249 96
51 54 62
51 56 75
51 60 11
51 69 11
51 75 89
51 79 67
51 82 17
51 86 14
51 87 79
51 89 55
51 91 19
51 93 44
51 95 21
51 96 39
51 102 84
51 103 81
51 110 85
51 116 58
51 117 4
51 122 36
51 127 60
51 131 79
51 132 12
51 137 86
51 139 47
51 142 80
51 147 78
51 154 16
51 159 62
51 163 78
51 164 23
51 165 3
51 166 6
51 168 22
51 169 66
51 172 45
51 174 14
51 176 94
51 178 85
51 180 23
51 186 27
51 192 3
51 193 56
51 194 72
51 202 64
51 206 83
51 212 73
51 215 81
51 219 80
51 220 56
51 224 11
51 228 4
51 234 50
51 242 61
51 243 27
51 245 34
51 248 67
52 53 6
52 55 64
52 58 67
52 60 10
52 61 85
52 75 47
52 84 91
52 87 13
52 92 93
52 93 97
52 101 99
52 104 12
52 105 28
52 116 58
52 122 54
52 126 53
52 127 67
52 133 90
52 146 79
52 155 67
52 161 32
52 162 27
52 163 49
52 164 9
52 165 87
52 166 58
52 169 68
52 174 94
52 180 32
52 181 82
52 182 92
52 185 44
52 188 39
52 198 1
52 212 100
52 213 72
52 214 44
52 220 34
52 222 31
52 223 63
52 224 86
52 226 96
52 228 37
52 235 12
52 237 8
52 242 99
52 244 61
52 247 62
52 249 23
53 56 91
53 62 93
53 67 83
53 69 81
53 74 17
53 77 11
53 78 97
53 80 87
53 82 84
53 83 37
53 85 48
53 86 66
53 90 88
53 92 74
53 97 40
53 101 30
53 102 98
53 103 75
53 107 10
53 108 41
53 110 68
53 112 8
53 113 25
53 116 79
53 118 70
53 127 80
53 130 62
53 136 72
53 138 48
53 139 54
53 144 13
53 147 66
53 148 57
53 156 84
53 163 41
53 164 22
53 171 75
53 172 67
53 178 17
53 189 92
53 195 21
53 200 42
53 201 18
53 203 37
53 211 70
53 214 42
53 219 87
53 225 30
53 229 76
53 230 93
53 231 95
53 232 58
53 238 32
53 239 99
53 244 91
53 246 75
53 249 3
54 55 30
54 61 88
54 70 64
54 71 18
54 73 12
54 80 10
54 88 78
54 89 37
54 105 59
54 106 25
54 108 47
54 115 2
54 116 82
54 123 65
54 134 9
54 138 92
54 141 81
54 145 29
54 157 39
54 162 85
54 163 20
54 168 17
54 176 85
54 182 78
54 187 38
54 188 7
54 198 98
54 216 90
54 217 23
54 218 51
54 221 83
54 224 80
54 230 42
54 235 85
54 237 67
54 240 97
54 246 70
54 247 12
54 248 1
54 250 22
55 56 54
55 58 76
55 59 30
55 74 38
55 81 63
55 82 10
55 86 8
55 92 25
55 95 47
55 103 76
55 108 94
55 117 74
55 124 38
55 125 41
55 126 49
55 127 90
55 128 91
55 129 8
55 130 33
55 131 2
55 136 76
55 140 17
55 152 66
55 156 21
55 161 10
55 162 38
55 166 59
55 169 49
55 174 33
55 179 71
55 181 49
55 184 30
55 185 73
55 186 70
55 187 10
55 196 61
55 200 42
55 202 64
55 205 92
55 208 15
55 224 48
55 229 4
55 232 25
55 243 60
55 244 96
55 247 56
55 248 11
55 249 12
55 250 43
56 57 30
56 61 35
56 67 28
56 69 26
56 71 78
56 76 36
56 77 28
56 79 22
56 80 6
56 91 100
56 101 48
56 111 68
56 117 52
56 119 89
56 122 28
56 129 44
56 131 82
56 134 42
56 138 34
56 147 84
56 150 94
56 151 93
56 153 36
56 154 74
56 155 91
56 156 93
56 161 69
56 168 98
56 178 29
56 186 73
56 187 80
56 190 11
56 195 26
56 203 4
56 204 14
56 207 13
56 221 6
56 224 98
56 228 59
56 229 15
56 232 27
56 243 34
56 246 98
57 63 7
57 67 89
57 70 26
57 72 67
57 74 78
57 77 34
57 81 78
57 86 97
57 87 86
57 94 15
57 100 71
57 102 56
57 103 30
57 105 59
57 107 46
57 112 84
57 113 63
57 115 62
57 124 54
57 128 50
57 132 73
57 133 47
57 137 29
57 143 93
57 148 33
57 157 53
57 162 71
57 170 39
57 171 58
57 173 17
57 176 96
57 177 25
57 184 99
57 185 93
57 186 81
57 192 65
57 193 33
57 207 83
57 211 21
57 212 97
57 213 24
57 214 13
57 219 3
57 224 51
57 231 10
57 235 52
57 239 74
57 244 77
57 249 90
57 250 81
58 62 61
58 64 47
58 65 61
58 66 14
58 70 24
58 71 86
58 75 92
58 83 53
58 84 85
58 85 88
58 87 50
58 89 63
58 97 91
58 107 43
58 109 27
58 110 11
58 113 3
58 119 35
58 122 77
58 129 27
58 132 45
58 135 15
58 138 35
58 148 36
58 158 54
58 160 52
58 165 71
58 171 49
58 176 60
58 180 73
58 184 80
58 187 49
58 189 61
58 198 35
58 213 98
58 217 71
58 219 47
58 222 18
58 225 63
58 239 46
58 241 39
58 248 95
58 249 10
58 250 67
59 60 51
59 61 8
59 62 56
59 64 53
59 70 30
59 71 17
59 73 54
59 77 58
59 80 6
59 84 3
59 85 11
59 87 63
59 88 39
59 94 30
59 100 10
59 102 75
59 107 13
59 110 28
59 119 86
59 121 52
59 122 21
59 131 49
59 132 78
59 136 44
59 138 88
59 140 14
59 146 97
59 147 76
59 154 15
59 161 17
59 170 80
59 171 20
59 179 16
59 180 32
59 181 95
59 182 89
59 183 66
59 189 14
59 190 10
59 195 17
59 196 49
59 200 96
59 205 1
59 211 14
59 219 96
59 222 74
59 225 37
59 228 59
59 240 11
59 243 9
59 244 14
59 246 21
59 247 69
59 248 8
60 61 73
60 67 30
60 68 72
60 71 33
60 73 23
60 75 87
60 80 8
60 82 16
60 84 88
60 86 53
60 89 79
60 92 94
60 97 65
60 98 93
60 100 32
60 102 91
60 105 14
60 111 39
60 121 76
60 124 48
60 126 53
60 129 7
60 135 99
60 137 54
60 143 40
60 147 74
60 149 14
60 152 87
60 154 39
60 158 75
60 160 88
60 162 45
60 168 83
60 172 16
60 173 65
60 180 97
60 183 66
60 184 11
60 185 63
60 186 89
60 191 65
60 193 21
60 198 25
60 200 23
60 208 4
60 211 70
60 213 52
60 215 16
60 216 31
60 221 76
60 222 11
60 226 52
60 228 45
60 234 65
60 236 68
60 241 76
60 245 5
60 246 35
61 64 44
61 66 43
61 69 89
61 71 9
61 73 96
61 77 57
61 80 95
61 87 15
61 95 96
61 97 11
61 98 7
61 104 40
61 105 54
61 106 12
61 108 10
61 117 90
61 122 1
61 123 56
61 126 40
61 129 42
61 130 65
61 133 79
61 134 2
61 137 66
61 140 34
61 144 98
61 148 18
61 151 84
61 157 9
61 160 73
61 163 7
61 171 15
61 172 23
61 174 71
61 181 68
61 183 46
61 184 91
61 193 80
61 195 95
61 200 21
61 205 55
61 207 25
61 215 53
61 224 49
61 227 38
61 239 6
61 244 74
61 246 31
61 247 23
61 250 24
62 65 42
62 70 64
62 71 38
62 78 10
62 81 51
62 92 98
62 101 77
62 113 85
62 118 9
62 122 82
62 125 9
62 130 86
62 131 56
62 149 80
62 150 58
62 151 81
62 154 13
62 158 89
62 160 25
62 162 34
62 165 11
62 171 55
62 179 76
62 180 79
62 183 56
62 187 30
62 192 94
62 198 25
62 200 35
62 222 40
62 223 16
62 224 95
62 227 26
62 234 61
62 236 45
62 244 99
62 248 44
63 66 61
63 75 12
63 80 83
63 82 43
63 84 19
63 85 79
63 92 33
63 103 39
63 106 45
63 110 34
63 114 26
63 117 4
63 118 59
63 119 94
63 124 13
63 128 44
63 130 38
63 137 36
63 138 10
63 146 78
63 151 51
63 168 20
63 171 74
63 172 26
63 173 71
63 185 8
63 188 20
63 191 70
63 194 10
63 197 68
63 201 88
63 204 45
63 211 84
63 214 36
63 218 61
63 226 68
63 228 26
63 231 2
63 233 65
63 237 42
63 238 13
63 249 6
64 75 58
64 76 63
64 82 49
64 87 3
64 90 46
64 103 18
64 104 39
64 106 23
64 107 9
64 112 56
64 114 15
64 117 88
64 125 67
64 127 28
64 136 90
64 137 8
64 140 85
64 143 39
64 147 41
64 149 60
64 154 26
64 157 36
64 158 25
64 164 5
64 171 99
64 172 92
64 173 29
64 177 20
64 191 75
64 194 75
64 196 73
64 203 7
64 206 90
64 215 94
64 223 19
64 225 52
64 226 9
64 229 88
64 230 36
64 234 27
64 235 11
64 240 70
64 241 32
64 242 1
64 243 89
64 246 75
64 247 17
64 248 96
65 66 72
65 67 52
65 72 16
65 78 76
65 82 24
65 98 19
65 101 80
65 107 31
65 110 55
65 111 55
65 113 65
65 116 6
65 118 46
65 122 77
65 125 24
65 130 84
65 132 41
65 138 39
65 139 83
65 149 3
65 152 5
65 154 77
65 155 94
65 157 73
65 162 32
65 170 28
65 171 53
65 177 87
65 183 71
65 184 59
65 190 75
65 195 27
65 196 57
65 200 62
65 203 81
65 206 18
65 211 99
65 213 69
65 214 1
65 215 16
65 217 95
65 218 31
65 222 13
65 226 86
65 230 52
65 233 32
65 234 15
65 237 18
65 239 92
65 242 96
65 245 64
65 246 45
66 67 36
66 68 62
66 69 77
66 75 46
66 80 17
66 82 68
66 83 78
66 87 92
66 88 60
66 92 10
66 95 88
66 98 7
66 99 32
66 104 6
66 105 70
66 118 41
66 131 12
66 132 77
66 136 19
66 143 73
66 144 4
66 150 89
66 153 88
66 154 27
66 157 83
66 159 52
66 160 60
66 168 97
66 170 79
66 178 14
66 179 63
66 181 97
66 190 82
66 192 94
66 194 49
66 201 95
66 204 83
66 205 96
66 209 5
66 210 72
66 217 6
66 220 53
66 223 51
66 226 6
66 230 31
66 232 57
66 233 68
66 235 15
66 236 21
66 243 24
67 72 95
67 75 85
67 79 4
67 80 43
67 84 91
67 85 34
67 88 21
67 89 87
67 102 86
67 113 65
67 115 38
67 118 80
67 120 72
67 135 18
67 136 87
67 137 15
67 138 92
67 143 14
67 156 23
67 161 48
67 162 76
67 163 68
67 165 12
67 167 76
67 168 13
67 170 2
67 172 35
67 174 63
67 179 28
67 180 74
67 184 85
67 192 64
67 200 13
67 204 34
67 207 65
67 212 79
67 215 94
67 222 39
67 223 3
67 229 9
67 231 68
67 237 31
67 238 44
67 240 11
67 248 3
67 249 54
68 72 28
68 74 42
68 75 41
68 79 65
68 80 29
68 84 46
68 85 1
68 88 1
68 94 19
68 98 58
68 100 51
68 103 98
68 104 47
68 110 59
68 112 59
68 115 62
68 122 85
68 127 1
68 128 33
68 130 70
68 137 1
68 139 10
68 140 71
68 144 74
68 151 40
68 155 56
68 158 38
68 161 95
68 166 97
68 171 69
68 174 52
68 177 41
68 183 13
68 186 15
68 189 30
68 190 71
68 196 62
68 201 66
68 208 91
68 215 11
68 219 78
68 223 26
68 226 8
68 229 74
68 235 87
68 237 67
68 241 40
68 244 9
68 246 63
69 73 39
69 77 83
69 82 55
69 83 3
69 84 62
69 85 79
69 101 9
69 102 40
69 105 86
69 108 45
69 110 65
69 111 52
69 113 36
69 115 66
69 118 2
69 119 54
69 122 41
69 134 58
69 135 22
69 136 12
69 137 43
69 141 81
69 163 11
69 169 19
69 171 45
69 172 4
69 173 11
69 179 35
69 180 39
69 182 92
69 192 45
69 205 62
69 209 96
69 212 52
69 218 100
69 223 21
69 224 72
69 232 26
69 233 61
69 234 46
69 235 38
69 237 86
69 240 60
69 246 53
69 249 43
70 75 76
70 84 31
70 91 36
70 97 19
70 98 79
70 104 93
70 105 51
70 113 87
70 116 28
70 121 82
70 122 29
70 123 88
70 127 78
70 132 66
70 133 4
70 134 53
70 140 70
70 145 88
70 146 24
70 148 33
70 157 45
70 158 69
70 160 19
70 164 11
70 165 95
70 167 6
70 168 84
70 171 13
70 172 84
70 179 23
70 184 64
70 190 68
70 191 27
70 197 85
70 204 87
70 205 100
70 210 57
70 216 9
70 224 55
70 231 57
70 232 99
70 236 92
70 240 46
70 246 76
71 72 80
71 75 89
71 76 23
71 80 2
71 93 26
71 95 67
71 97 46
71 100 72
71 101 35
71 102 76
71 110 14
71 113 76
71 114 79
71 125 66
71 127 77
71 130 70
71 132 30
71 139 10
71 140 67
71 144 48
71 145 8
71 148 7
71 152 89
71 157 7
71 160 57
71 162 18
71 165 27
71 167 26
71 172 73
71 175 52
71 177 43
71 180 67
71 183 53
71 200 10
71 207 71
71 208 22
71 209 27
71 212 44
71 213 42
71 218 23
71 219 10
71 220 97
71 224 83
71 234 70
71 235 75
71 236 31
71 237 92
71 241 79
71 246 53
72 75 98
72 81 59
72 82 80
72 85 54
72 89 90
72 90 12
72 92 64
72 96 15
72 97 16
72 98 11
72 102 73
72 107 75
72 108 63
72 109 93
72 111 53
72 115 68
72 116 13
72 124 11
72 125 74
72 131 13
72 134 43
72 140 51
72 147 57
72 149 68
72 150 52
72 151 97
72 156 45
72 157 65
72 163 91
72 165 62
72 168 81
72 169 29
72 173 35
72 175 15
72 177 98
72 183 96
72 184 96
72 186 80
72 187 71
72 191 41
72 193 24
72 194 39
72 195 19
72 196 24
72 200 51
72 217 2
72 222 42
72 223 78
72 224 58
72 225 81
72 228 50
72 231 17
72 233 38
72 235 51
72 250 76
73 75 12
73 76 73
73 85 99
73 92 17
73 94 75
73 98 60
73 101 58
73 103 96
73 105 90
73 112 54
73 114 40
73 116 76
73 117 94
73 121 100
73 124 82
73 128 9
73 129 6
73 132 46
73 133 59
73 142 35
73 145 28
73 149 43
73 154 23
73 157 18
73 160 69
73 167 19
73 170 94
73 174 66
73 184 71
73 188 49
73 196 25
73 202 18
73 209 29
73 210 91
73 214 93
73 218 100
73 220 15
73 221 1
73 223 40
73 227 60
73 232 38
73 247 90
74 77 77
74 85 13
74 88 84
74 94 83
74 98 28
74 104 34
74 110 28
74 116 23
74 118 66
74 126 82
74 127 71
74 128 46
74 132 55
74 133 70
74 136 12
74 138 32
74 156 21
74 162 46
74 164 37
74 165 50
74 167 91
74 170 53
74 171 36
74 174 77
74 175 78
74 176 28
74 179 22
74 182 62
74 190 24
74 191 100
74 193 16
74 197 35
74 203 20
74 206 71
74 208 64
74 209 36
74 210 56
74 218 9
74 222 35
74 224 2
74 227 72
74 231 47
74 238 26
74 240 4
74 247 97
74 248 69
75 80 67
75 91 48
75 92 55
75 97 88
75 101 79
75 105 59
75 113 99
75 115 58
75 117 12
75 118 92
75 127 62
75 129 14
75 134 88
75 138 70
75 141 74
75 144 43
75 146 29
75 149 62
75 152 45
75 157 91
75 160 90
75 168 86
75 170 49
75 175 77
75 177 22
75 178 59
75 186 32
75 193 67
75 194 37
75 198 15
75 202 54
75 209 52
75 215 70
75 220 71
75 221 31
75 222 12
75 234 45
75 240 95
75 241 41
75 246 91
75 248 2
75 249 5
76 78 38
76 80 30
76 83 65
76 89 15
76 91 52
76 102 26
76 104 17
76 108 92
76 111 41
76 117 33
76 118 84
76 121 37
76 124 72
76 125 94
76 126 66
76 127 76
76 140 88
76 141 81
76 144 30
76 158 39
76 162 29
76 164 10
76 167 30
76 174 85
76 177 10
76 178 22
76 184 64
76 188 43
76 189 62
76 200 59
76 203 78
76 212 15
76 215 91
76 225 5
76 230 94
76 231 54
76 248 32
77 78 53
77 80 37
77 82 41
77 84 95
77 91 24
77 97 22
77 99 53
77 102 27
77 105 39
77 110 65
77 111 33
77 113 96
77 124 1
77 127 74
77 143 22
77 144 98
77 147 67
77 155 73
77 158 79
77 160 96
77 162 79
77 163 90
77 170 38
77 175 99
77 176 34
77 178 58
77 182 14
77 184 3
77 189 20
77 191 27
77 194 36
77 197 92
77 199 77
77 204 94
77 207 70
77 210 57
77 217 15
77 218 50
77 219 56
77 220 97
77 224 85
77 227 51
77 232 33
77 234 11
77 235 53
77 247 43
77 248 42
78 83 99
78 87 8
78 90 18
78 91 70
78 98 31
78 106 36
78 110 62
78 113 60
78 126 99
78 128 50
78 129 22
78 133 53
78 135 66
78 140 22
78 150 27
78 156 58
78 158 12
78 160 17
78 162 51
78 180 27
78 181 66
78 189 60
78 191 6
78 192 74
78 193 70
78 194 31
78 195 78
78 201 45
78 203 6
78 207 84
78 208 16
78 213 32
78 227 36
78 229 42
78 231 91
78 234 45
78 236 71
78 239 94
79 81 74
79 86 57
79 89 37
79 95 90
79 99 97
79 100 10
79 102 57
79 104 76
79 105 27
79 112 53
79 116 47
79 117 38
79 133 65
79 137 32
79 142 74
79 147 49
79 148 67
79 150 80
79 151 65
79 152 69
79 157 72
79 163 46
79 166 92
79 169 12
79 176 8
79 180 27
79 181 24
79 184 93
79 186 7
79 188 83
79 189 7
79 198 32
79 200 45
79 204 3
79 209 81
79 211 64
79 215 84
79 219 6
79 222 33
79 227 83
79 232 19
79 250 97
80 81 97
80 83 68
80 85 94
80 88 46
80 93 82
80 106 13
80 109 11
80 111 4
80 114 16
80 116 58
80 122 56
80 126 10
80 129 73
80 135 1
80 139 43
80 140 45
80 145 18
80 146 25
80 164 85
80 169 44
80 174 85
80 177 92
80 179 35
80 181 51
80 182 48
80 183 72
80 184 52
80 188 30
80 193 26
80 208 71
80 213 27
80 214 36
80 227 52
80 231 23
80 236 20
80 240 55
80 243 12
80 246 79
81 83 44
81 84 36
81 91 4
81 92 14
81 94 86
81 97 59
81 113 85
81 115 80
81 116 64
81 121 5
81 124 74
81 125 73
81 126 66
81 128 4
81 130 44
81 133 91
81 134 3
81 144 2
81 145 86
81 146 31
81 150 56
81 152 50
81 159 83
81 162 50
81 163 43
81 170 29
81 171 71
81 175 44
81 177 77
81 182 63
81 183 1
81 187 33
81 189 54
81 191 80
81 192 55
81 197 52
81 198 54
81 204 80
81 205 26
81 212 13
81 220 71
81 227 43
81 232 72
81 244 89
81 249 81
82 85 51
82 86 83
82 87 100
82 89 23
82 91 8
82 103 8
82 104 78
82 106 20
82 117 43
82 121 5
82 125 25
82 130 70
82 132 89
82 137 81
82 138 32
82 141 57
82 142 91
82 143 84
82 145 27
82 146 28
82 147 27
82 153 12
82 154 18
82 156 27
82 160 56
82 161 15
82 162 31
82 165 56
82 177 8
82 183 11
82 186 1
82 190 60
82 198 57
82 200 5
82 203 75
82 205 92
82 207 55
82 213 50
82 217 60
82 220 70
82 222 38
82 229 94
82 241 75
82 246 55
83 87 55
83 90 8
83 95 45
83 104 12
83 105 70
83 107 1
83 110 90
83 112 69
83 114 29
83 117 49
83 119 54
83 123 98
83 125 65
83 127 86
83 128 37
83 145 73
83 146 90
83 147 49
83 149 25
83 152 41
83 153 90
83 155 70
83 158 4
83 163 25
83 165 12
83 173 14
83 174 78
83 175 97
83 177 27
83 179 59
83 184 9
83 189 48
83 190 48
83 192 16
83 193 61
83 196 70
83 197 14
83 198 60
83 200 85
83 209 9
83 211 57
83 213 93
83 214 82
83 224 38
83 229 3
83 240 88
83 246 32
83 247 31
84 85 71
84 86 59
84 89 86
84 90 40
84 96 30
84 98 63
84 100 13
84 105 27
84 107 46
84 112 70
84 113 24
84 116 40
84 120 31
84 121 80
84 122 38
84 131 64
84 149 2
84 168 80
84 171 81
84 173 85
84 174 28
84 175 5
84 176 26
84 191 32
84 199 88
84 200 46
84 202 11
84 204 40
84 211 90
84 215 31
84 217 64
84 220 47
84 221 39
84 223 36
84 230 25
84 231 93
84 232 55
84 233 99
84 237 69
84 238 4
84 241 5
84 242 42
85 86 14
85 94 80
85 105 100
85 107 61
85 108 85
85 112 59
85 113 72
85 120 46
85 123 95
85 131 43
85 135 38
85 136 76
85 145 41
85 151 40
85 154 93
85 156 87
85 159 3
85 166 85
85 172 23
85 173 66
85 174 97
85 177 34
85 181 54
85 186 85
85 190 88
85 191 65
85 192 39
85 193 38
85 199 65
85 205 40
85 206 91
85 227 7
85 229 100
85 236 30
85 243 7
85 248 12
85 250 54
86 89 86
86 90 12
86 91 10
86 92 53
86 100 33
86 109 92
86 111 25
86 112 27
86 113 27
86 117 90
86 118 80
86 119 43
86 121 94
86 133 86
86 138 67
86 139 47
86 140 79
86 142 58
86 143 100
86 153 6
86 154 8
86 161 10
86 164 9
86 165 96
86 168 66
86 170 10
86 174 92
86 178 63
86 180 8
86 182 92
86 188 63
86 203 47
86 208 74
86 210 30
86 211 12
86 214 91
86 215 33
86 217 18
86 222 61
86 224 100
86 226 55
86 233 48
86 235 75
86 236 90
86 239 48
86 244 51
86 249 3
87 88 73
87 90 21
87 91 16
87 93 88
87 94 82
87 99 98
87 101 48
87 109 50
87 110 32
87 112 84
87 120 94
87 122 38
87 124 25
87 128 12
87 131 1
87 132 61
87 141 65
87 142 7
87 144 51
87 147 69
87 148 6
87 150 12
87 162 89
87 163 45
87 165 52
87 168 11
87 169 96
87 174 82
87 176 80
87 177 67
87 179 88
87 180 30
87 188 100
87 197 27
87 202 90
87 203 55
87 204 91
87 205 45
87 207 48
87 211 3
87 214 2
87 215 55
87 217 16
87 218 34
87 221 78
87 223 81
87 226 8
87 227 8
87 229 28
87 231 86
87 232 7
87 235 6
87 237 13
87 238 28
87 242 22
88 91 14
88 93 99
88 94 27
88 105 19
88 106 87
88 110 18
88 111 55
88 112 5
88 115 94
88 116 69
88 122 95
88 123 66
88 126 29
88 127 93
88 128 65
88 130 87
88 132 93
88 133 80
88 143 46
88 145 13
88 148 20
88 150 12
88 155 35
88 160 45
88 174 41
88 175 97
88 176 74
88 184 48
88 197 69
88 198 43
88 201 21
88 202 78
88 207 90
88 208 59
88 210 77
88 217 74
88 224 10
88 227 52
88 231 4
88 234 21
88 237 64
88 239 80
88 240 43
88 246 51
88 248 25
89 96 11
89 97 23
89 98 48
89 100 35
89 102 59
89 104 57
89 112 87
89 116 61
89 118 63
89 119 72
89 123 55
89 124 59
89 125 16
89 132 39
89 135 55
89 145 5
89 153 77
89 156 50
89 157 76
89 171 97
89 178 100
89 188 63
89 192 6
89 194 46
89 195 17
89 200 57
89 203 31
89 211 74
89 213 61
89 214 87
89 219 7
89 220 93
89 223 37
89 228 8
89 229 52
89 230 46
89 237 67
89 246 33
89 248 21
89 250 98
90 96 36
90 101 66
90 105 89
90 108 33
90 110 17
90 114 100
90 117 44
90 121 72
90 123 1
90 125 50
90 126 53
90 128 30
90 130 14
90 137 80
90 139 5
90 142 73
90 146 34
90 150 41
90 152 22
90 156 29
90 159 93
90 175 8
90 176 93
90 179 25
90 180 53
90 185 66
90 186 99
90 187 47
90 189 80
90 192 86
90 195 42
90 197 4
90 199 39
90 202 48
90 204 22
90 209 54
90 211 75
90 212 65
90 215 70
90 217 63
90 220 98
90 225 93
90 231 80
90 234 11
90 242 94
90 246 22
91 93 15
91 96 39
91 103 88
91 106 98
91 107 16
91 109 40
91 110 13
91 111 84
91 130 93
91 133 68
91 134 5
91 146 9
91 147 92
91 153 56
91 159 57
91 164 37
91 166 88
91 170 48
91 172 91
91 177 5
91 186 54
91 187 29
91 189 1
91 192 94
91 197 83
91 198 95
91 201 35
91 214 35
91 222 89
91 225 11
91 230 61
91 237 75
91 238 87
91 244 97
91 245 8
91 246 90
91 248 44
92 96 75
92 99 10
92 101 73
92 102 75
92 103 54
92 105 79
92 106 37
92 108 44
92 117 49
92 122 55
92 123 26
92 130 15
92 138 78
92 140 72
92 143 52
92 144 65
92 146 19
92 156 45
92 164 69
92 165 72
92 166 83
92 173 45
92 181 94
92 188 37
92 193 28
92 200 69
92 203 51
92 217 73
92 218 41
92 221 89
92 222 95
92 224 100
92 233 56
92 244 42
92 249 2
93 95 34
93 102 51
93 108 79
93 110 80
93 111 25
93 112 54
93 113 76
93 121 13
93 122 95
93 123 54
93 128 38
93 133 48
93 137 4
93 140 25
93 143 23
93 155 48
93 162 60
93 165 33
93 168 57
93 172 84
93 178 78
93 181 69
93 184 26
93 186 85
93 190 64
93 191 50
93 192 65
93 198 4
93 199 3
93 203 64
93 204 39
93 206 64
93 213 40
93 214 2
93 215 34
93 218 82
93 224 23
93 225 62
93 229 92
93 231 77
93 235 29
93 239 13
93 243 22
93 244 3
93 247 32
93 249 70
94 103 64
94 105 43
94 107 7
94 114 94
94 119 47
94 121 33
94 123 71
94 127 81
94 129 24
94 133 46
94 134 28
94 141 28
94 143 66
94 154 94
94 156 24
94 157 33
94 158 40
94 159 56
94 161 83
94 171 13
94 177 5
94 183 14
94 187 91
94 188 47
94 191 24
94 202 93
94 205 74
94 211 3
94 214 28
94 218 87
94 219 91
94 220 58
94 225 7
94 231 32
94 232 36
94 236 90
94 245 39
94 247 1
94 249 3
95 97 94
95 98 73
95 105 61
95 107 65
95 109 100
95 113 31
95 123 90
95 124 63
95 129 18
95 131 84
95 133 44
95 140 34
95 159 63
95 162 41
95 170 1
95 184 32
95 189 53
95 195 60
95 198 31
95 202 77
95 203 65
95 210 48
95 218 50
95 223 73
95 224 30
95 225 12
95 229 18
95 234 52
95 240 55
96 98 12
96 100 95
96 106 29
96 116 38
96 133 20
96 134 31
96 138 31
96 141 77
96 143 45
96 144 59
96 146 9
96 148 72
96 153 91
96 155 10
96 156 3
96 166 7
96 180 84
96 188 25
96 191 77
96 195 76
96 198 73
96 201 95
96 205 97
96 210 90
96 211 83
96 214 35
96 217 45
96 222 17
96 227 51
96 248 38
97 98 26
97 99 95
97 110 62
97 111 50
97 114 35
97 123 98
97 127 56
97 129 62
97 133 11
97 141 53
97 143 56
97 148 45
97 163 74
97 164 89
97 167 72
97 168 64
97 170 62
97 172 73
97 173 92
97 183 24
97 198 7
97 200 25
97 204 3
97 205 82
97 207 31
97 208 34
97 209 37
97 210 36
97 213 31
97 215 94
97 217 14
97 218 65
97 219 78
97 222 21
97 224 35
97 228 2
97 240 91
97 242 44
97 245 72
97 249 11
98 100 27
98 102 9
98 103 100
98 104 81
98 107 47
98 108 75
98 110 92
98 117 19
98 121 86
98 128 8
98 134 62
98 137 66
98 140 72
98 146 84
98 148 79
98 161 75
98 167 43
98 168 84
98 173 39
98 184 14
98 193 59
98 199 39
98 201 59
98 213 98
98 220 40
98 227 53
98 233 47
98 235 27
98 236 51
98 237 93
98 242 2
98 243 33
99 100 44
99 109 48
99 112 24
99 114 96
99 119 42
99 122 50
99 130 53
99 131 22
99 133 70
99 135 89
99 136 18
99 141 97
99 146 89
99 147 23
99 148 76
99 160 36
99 164 93
99 171 13
99 172 2
99 174 29
99 184 35
99 190 82
99 192 22
99 193 94
99 204 77
99 209 13
99 212 64
99 216 28
99 224 72
99 227 76
99 228 81
99 229 3
99 230 1
99 239 55
99 241 47
99 242 96
99 247 22
99 248 38
100 102 51
100 105 87
100 109 98
100 110 51
100 122 1
100 142 65
100 150 50
100 152 53
100 153 54
100 156 59
100 169 68
100 171 19
100 175 56
100 177 60
100 180 89
100 183 76
100 189 84
100 199 82
100 202 59
100 204 23
100 206 42
100 207 73
100 208 81
100 209 71
100 211 24
100 214 46
100 215 32
100 220 45
100 223 96
100 225 70
100 239 45
100 243 30
100 245 46
100 247 74
101 102 18
101 103 88
101 105 85
101 111 93
101 122 42
101 134 9
101 136 74
101 141 55
101 144 28
101 148 67
101 150 2
101 153 34
101 154 44
101 156 69
101 162 29
101 163 44
101 169 78
101 176 74
101 178 46
101 181 60
101 182 78
101 186 63
101 188 97
101 189 78
101 190 49
101 194 22
101 195 41
101 196 85
101 197 66
101 199 9
101 202 36
101 204 70
101 215 11
101 216 76
101 219 2
101 222 63
101 226 98
101 227 9
101 230 8
101 232 67
101 233 63
101 240 33
101 241 70
101 245 14
102 104 48
102 108 52
102 109 19
102 112 81
102 114 64
102 115 35
102 118 40
102 121 77
102 122 97
102 125 7
102 141 34
102 156 3
102 165 44
102 168 35
102 170 72
102 179 39
102 185 56
102 187 66
102 190 61
102 195 20
102 198 62
102 199 4
102 201 89
102 202 61
102 210 7
102 217 8
102 222 93
102 231 53
102 233 100
102 235 14
102 246 21
102 249 32
102 250 61
103 104 20
103 106 39
103 108 76
103 109 18
103 110 96
103 112 52
103 113 38
103 115 32
103 117 37
103 119 74
103 122 33
103 125 100
103 128 58
103 129 77
103 135 35
103 140 52
103 144 80
103 151 88
103 152 27
103 155 20
103 157 29
103 161 81
103 162 71
103 165 9
103 169 2
103 179 30
103 180 69
103 181 34
103 182 56
103 192 46
103 194 48
103 198 46
103 202 49
103 203 28
103 205 61
103 207 60
103 208 4
103 210 92
103 216 59
103 218 54
103 222 2
103 225 26
103 227 87
103 229 55
103 231 10
103 234 39
103 239 40
103 243 27
103 247 18
104 107 64
104 116 28
104 124 27
104 127 66
104 128 41
104 133 11
104 134 53
104 136 56
104 138 98
104 146 39
104 151 7
104 154 31
104 156 33
104 158 37
104 165 17
104 166 5
104 187 79
104 189 10
104 198 42
104 200 87
104 206 23
104 210 77
104 212 7
104 217 40
104 219 68
104 220 67
104 222 45
104 226 35
104 227 60
104 236 90
104 240 3
104 243 16
104 244 42
105 106 73
105 107 80
105 110 35
105 112 18
105 117 69
105 119 17
105 130 54
105 131 64
105 133 69
105 134 90
105 138 52
105 139 45
105 149 73
105 152 26
105 158 24
105 165 23
105 171 60
105 172 52
105 173 69
105 175 5
105 190 75
105 192 67
105 200 67
105 203 45
105 205 36
105 206 22
105 207 4
105 209 34
105 213 86
105 221 44
105 226 36
105 230 80
105 234 44
105 237 88
105 238 40
105 239 75
105 242 89
106 109 85
106 112 84
106 113 84
106 131 83
106 132 24
106 133 100
106 138 30
106 141 47
106 146 28
106 150 31
106 152 17
106 157 12
106 160 37
106 161 24
106 162 21
106 163 25
106 166 96
106 170 8
106 171 34
106 177 4
106 178 30
106 180 72
106 184 59
106 185 71
106 188 52
106 206 70
106 209 98
106 211 7
106 212 57
106 215 60
106 218 9
106 220 44
106 221 96
106 235 12
106 239 49
106 242 67
106 244 46
106 245 58
107 108 77
107 109 66
107 110 86
107 117 50
107 118 85
107 122 53
107 140 56
107 141 5
107 144 54
107 146 39
107 150 83
107 160 25
107 166 64
107 169 48
107 170 89
107 171 99
107 172 15
107 178 28
107 181 80
107 183 56
107 186 44
107 189 49
107 191 48
107 194 81
107 196 21
107 204 59
107 205 39
107 210 81
107 215 55
107 223 70
107 227 88
107 228 66
107 231 7
107 235 27
107 243 33
107 245 28
107 250 96
108 109 49
108 120 68
108 124 2
108 130 16
108 134 57
108 139 24
108 147 20
108 149 97
108 153 52
108 156 90
108 161 63
108 162 58
108 167 76
108 176 83
108 182 16
108 185 50
108 186 82
108 187 78
108 188 24
108 189 31
108 191 59
108 192 22
108 195 57
108 201 18
108 216 20
108 217 31
108 224 87
108 229 87
108 239 85
108 244 87
108 247 98
108 249 52
109 114 75
109 115 58
109 120 5
109 121 96
109 126 92
109 130 24
109 146 44
109 147 71
109 157 37
109 160 26
109 169 57
109 170 18
109 171 48
109 176 14
109 178 82
109 184 54
109 185 48
109 187 78
109 202 77
109 205 4
109 206 95
109 208 59
109 211 45
109 212 35
109 215 3
109 221 8
109 229 1
109 234 89
109 235 62
109 239 80
109 240 21
109 247 71
110 113 9
110 121 74
110 127 1
110 128 24
110 129 66
110 132 33
110 136 15
110 140 38
110 142 49
110 145 92
110 146 43
110 150 66
110 152 83
110 154 5
110 167 83
110 171 10
110 176 71
110 177 43
110 179 19
110 185 71
110 187 71
110 196 60
110 200 86
110 209 28
110 210 84
110 213 21
110 222 100
110 225 40
110 226 51
110 231 88
110 233 16
110 234 46
110 237 38
110 243 17
111 114 50
111 120 31
111 129 16
111 130 43
111 140 73
111 141 1
111 144 98
111 145 99
111 146 81
111 148 90
111 154 94
111 162 5
111 163 89
111 170 79
111 175 59
111 178 56
111 179 3
111 183 7
111 188 62
111 193 30
111 197 11
111 200 7
111 208 72
111 212 27
111 214 77
111 216 59
111 221 66
111 223 13
111 224 29
111 228 83
111 229 46
111 237 45
111 239 58
111 241 53
111 245 48
111 248 63
111 249 15
112 124 95
112 127 68
112 130 44
112 131 39
112 133 74
112 137 19
112 144 13
112 151 59
112 153 14
112 154 4
112 156 47
112 165 55
112 183 9
112 187 23
112 191 81
112 192 68
112 198 89
112 199 54
112 201 61
112 209 60
112 211 34
112 213 43
112 216 64
112 217 10
112 218 48
112 222 34
112 224 94
112 228 91
112 238 80
112 246 92
112 247 33
113 116 92
113 118 7
113 128 31
113 129 97
113 130 86
113 132 62
113 133 86
113 138 40
113 141 16
113 144 32
113 147 94
113 148 69
113 150 79
113 153 3
113 157 76
113 159 71
113 167 63
113 172 69
113 173 67
113 176 8
113 181 24
113 182 64
113 185 4
113 191 79
113 192 1
113 195 90
113 196 88
113 197 63
113 201 24
113 202 86
113 211 13
113 212 90
113 217 2
113 226 11
113 231 96
113 232 30
113 233 50
113 235 15
113 238 4
113 241 52
113 244 46
113 246 45
113 248 55
113 250 50
114 120 82
114 122 96
114 130 35
114 140 66
114 148 82
114 150 63
114 168 9
114 178 4
114 181 4
114 185 83
114 189 73
114 191 16
114 192 17
114 195 63
114 197 20
114 198 54
114 199 9
114 200 63
114 201 20
114 202 2
114 203 14
114 209 76
114 215 10
114 218 75
114 220 80
114 233 90
114 236 39
114 238 87
115 118 6
115 125 23
115 129 27
115 131 12
115 133 14
115 137 68
115 150 61
115 151 5
115 153 78
115 168 78
115 174 91
115 177 48
115 180 26
115 183 99
115 192 27
115 193 47
115 201 84
115 205 23
115 209 38
115 213 11
115 216 34
115 235 10
115 239 88
115 241 52
115 242 33
115 244 15
115 245 44
115 249 16
116 121 29
116 122 80
116 125 52
116 140 7
116 150 67
116 151 11
116 153 39
116 154 10
116 155 15
116 156 11
116 162 86
116 166 23
116 173 5
116 174 19
116 176 9
116 177 85
116 178 25
116 181 20
116 183 50
116 184 54
116 188 23
116 190 40
116 195 81
116 206 100
116 216 64
116 219 44
116 223 36
116 224 64
116 227 6
116 230 56
116 235 35
116 247 83
116 250 49
117 120 80
117 126 27
117 131 82
117 133 65
117 134 74
117 142 89
117 149 78
117 150 85
117 152 12
117 153 67
117 157 14
117 161 33
117 162 20
117 163 82
117 165 75
117 169 89
117 173 85
117 174 13
117 178 95
117 181 33
117 198 88
117 202 51
117 203 47
117 205 50
117 206 64
117 208 81
117 211 85
117 221 83
117 222 7
117 225 32
117 227 35
117 228 7
117 229 90
117 234 38
117 235 96
117 239 88
117 249 79
118 120 78
118 123 25
118 126 47
118 130 47
118 140 15
118 145 6
118 148 74
118 151 82
118 157 53
118 158 4
118 167 22
118 168 95
118 171 24
118 177 4
118 188 84
118 191 86
118 199 86
118 206 70
118 212 2
118 213 69
118 216 62
118 219 29
118 220 43
118 222 49
118 223 61
118 229 94
118 233 93
118 237 64
118 240 57
119 123 58
119 129 93
119 133 50
119 138 63
119 139 36
119 142 26
119 143 19
119 144 51
119 148 4
119 152 51
119 160 31
119 165 98
119 168 20
119 169 22
119 176 45
119 180 14
119 181 5
119 182 41
119 183 38
119 191 13
119 193 34
119 197 99
119 199 43
119 201 86
119 209 27
119 210 61
119 215 67
119 216 81
119 219 70
119 221 61
119 223 27
119 227 51
119 232 22
119 233 27
119 237 51
119 241 60
119 243 47
119 244 86
119 249 24
120 126 37
120 145 62
120 149 43
120 150 69
120 163 80
120 165 50
120 170 89
120 178 67
120 181 17
120 185 46
120 188 71
120 199 9
120 202 25
120 205 44
120 209 13
120 214 77
120 221 14
120 225 68
120 226 26
120 228 62
120 234 51
120 236 6
120 247 33
121 124 8
121 130 98
121 131 54
121 132 23
121 133 55
121 134 45
121 135 83
121 136 75
121 138 31
121 147 78
121 149 94
121 150 23
121 155 39
121 156 64
121 164 21
121 167 54
121 169 57
121 174 68
121 178 11
121 189 8
121 190 28
121 194 64
121 199 71
121 202 98
121 204 7
121 206 79
121 207 36
121 212 48
121 218 71
121 220 41
121 222 63
121 230 56
121 231 13
121 241 36
121 242 79
121 243 51
121 249 3
122 129 55
122 132 14
122 134 44
122 137 57
122 138 93
122 139 62
122 141 94
122 143 1
122 145 33
122 152 63
122 157 72
122 161 30
122 165 1
122 170 82
122 171 84
122 173 55
122 179 1
122 185 38
122 189 3
122 195 35
122 196 98
122 199 19
122 203 55
122 207 23
122 210 8
122 214 71
122 217 20
122 219 84
122 231 23
122 236 14
122 237 98
122 241 66
122 245 77
122 250 35
123 125 94
123 126 76
123 134 51
123 135 53
123 139 30
123 141 35
123 151 60
123 152 86
123 154 46
123 158 50
123 175 89
123 176 83
123 182 46
123 187 61
123 198 29
123 202 40
123 204 5
123 208 9
123 211 77
123 213 11
123 214 19
123 216 63
123 220 21
123 223 75
123 227 49
123 237 28
123 238 49
123 240 3
123 241 47
123 242 16
123 243 39
123 247 55
123 249 73
124 125 6
124 127 47
124 135 25
124 142 77
124 144 20
124 147 4
124 150 90
124 151 32
124 158 22
124 164 65
124 166 94
124 168 13
124 172 17
124 175 68
124 176 42
124 186 64
124 187 29
124 199 58
124 201 78
124 203 69
124 206 67
124 209 86
124 210 20
124 211 5
124 213 99
124 214 88
124 215 62
124 217 15
124 220 57
124 222 5
124 224 42
124 226 60
124 228 16
124 240 61
124 244 13
124 249 38
125 128 50
125 130 31
125 132 18
125 137 98
125 138 79
125 152 42
125 154 77
125 155 40
125 158 100
125 159 73
125 162 4
125 166 76
125 172 92
125 173 100
125 181 27
125 183 92
125 187 98
125 192 34
125 195 55
125 197 77
125 207 42
125 209 79
125 211 85
125 215 100
125 217 65
125 221 42
125 223 5
125 227 85
125 228 57
125 232 85
125 239 69
125 245 10
125 247 66
125 250 87
126 127 47
126 130 6
126 131 72
126 135 50
126 137 25
126 138 36
126 139 39
126 144 51
126 145 68
126 147 54
126 148 68
126 149 98
126 150 10
126 154 6
126 158 92
126 164 24
126 166 26
126 169 69
126 175 61
126 176 52
126 177 32
126 178 26
126 188 43
126 189 76
126 192 45
126 194 39
126 215 95
126 218 89
126 219 59
126 221 49
126 230 82
126 231 88
126 232 25
126 233 11
126 236 31
126 246 84
126 248 66
127 129 72
127 130 34
127 136 97
127 143 20
127 157 4
127 158 40
127 163 50
127 169 83
127 170 74
127 171 61
127 175 57
127 177 36
127 181 61
127 192 13
127 195 89
127 201 51
127 205 73
127 207 33
127 208 30
127 209 82
127 212 33
127 216 85
127 218 73
127 219 5
127 221 38
127 223 82
127 227 79
127 233 27
127 234 25
127 235 17
127 238 31
127 242 1
128 129 15
128 130 63
128 131 50
128 145 75
128 152 38
128 159 80
128 160 28
128 167 69
128 171 58
128 172 98
128 173 99
128 181 63
128 182 68
128 184 95
128 188 36
128 195 23
128 196 51
128 202 26
128 203 68
128 211 3
128 216 45
128 217 19
128 221 70
128 227 42
128 229 22
128 232 55
128 234 12
128 236 83
128 238 36
129 131 32
129 135 89
129 136 30
129 141 76
129 144 78
129 146 10
129 148 43
129 154 99
129 156 82
129 161 62
129 163 6
129 167 89
129 168 5
129 175 58
129 180 34
129 181 67
129 182 26
129 183 26
129 198 11
129 199 36
129 200 90
129 203 29
129 214 29
129 216 76
129 218 78
129 219 52
129 220 96
129 221 86
129 229 3
129 241 86
129 243 16
130 131 94
130 135 75
130 142 72
130 146 5
130 149 83
130 154 85
130 165 77
130 166 61
130 184 76
130 190 57
130 191 30
130 193 42
130 199 92
130 200 98
130 201 34
130 203 19
130 207 68
130 211 27
130 217 77
130 218 25
130 220 3
130 221 54
130 222 20
130 224 98
130 225 71
130 228 63
130 231 72
130 235 68
130 236 50
130 239 56
130 240 20
130 244 51
130 246 100
131 133 38
131 134 6
131 139 5
131 147 2
131 152 56
131 154 3
131 155 73
131 158 72
131 162 9
131 164 11
131 167 65
131 168 50
131 180 43
131 181 96
131 186 53
131 188 30
131 193 98
131 206 3
131 209 16
131 214 49
131 216 53
131 217 55
131 219 2
131 220 13
131 223 23
131 226 44
131 231 56
131 232 46
131 240 12
131 241 26
131 242 18
131 246 40
131 247 6
132 136 57
132 137 83
132 147 69
132 148 72
132 150 54
132 152 93
132 155 37
132 159 33
132 162 94
132 163 100
132 165 88
132 166 64
132 172 3
132 186 94
132 189 98
132 190 75
132 194 56
132 196 57
132 198 10
132 199 50
132 201 7
132 206 59
132 210 54
132 211 4
132 222 49
132 223 59
132 232 63
132 235 93
132 239 21
132 242 46
132 248 34
132 249 73
133 137 33
133 141 13
133 142 59
133 145 21
133 148 66
133 152 70
133 159 92
133 165 3
133 172 41
133 176 30
133 180 53
133 187 94
133 189 21
133 190 15
133 191 40
133 193 69
133 196 6
133 198 6
133 202 19
133 204 46
133 209 73
133 211 93
133 214 71
133 215 19
133 217 12
133 219 40
133 225 39
133 226 23
133 229 64
133 233 31
133 240 68
133 242 19
133 244 86
133 245 56
133 246 99
133 249 38
134 135 93
134 137 54
134 141 44
134 142 46
134 143 79
134 144 89
134 146 7
134 153 98
134 165 14
134 167 11
134 168 53
134 169 2
134 173 13
134 177 44
134 180 30
134 183 95
134 188 58
134 189 87
134 197 73
134 200 26
134 203 61
134 208 81
134 209 3
134 214 53
134 216 95
134 226 62
134 230 33
134 235 45
134 237 63
134 240 12
134 245 54
134 249 13
135 139 47
135 140 72
135 142 17
135 144 87
135 145 66
135 149 16
135 151 94
135 152 11
135 157 50
135 164 32
135 168 66
135 177 87
135 186 79
135 193 9
135 195 74
135 197 86
135 202 26
135 204 10
135 215 94
135 216 73
135 230 72
135 231 66
135 243 91
135 245 57
135 247 48
135 250 78
136 138 17
136 143 1
136 144 37
136 146 75
136 147 16
136 148 38
136 150 29
136 151 89
136 153 8
136 157 79
136 167 39
136 170 93
136 172 82
136 175 94
136 176 46
136 185 38
136 187 24
136 188 76
136 189 72
136 191 51
136 198 38
136 199 97
136 203 93
136 207 7
136 208 85
136 213 70
136 214 64
136 217 70
136 224 61
136 231 18
136 239 21
136 240 18
136 244 64
137 138 31
137 145 60
137 151 46
137 160 8
137 161 47
137 164 18
137 169 46
137 177 84
137 179 46
137 181 87
137 182 80
137 184 33
137 189 28
137 190 10
137 192 55
137 195 30
137 198 99
137 199 36
137 201 89
137 203 41
137 211 12
137 213 21
137 215 76
137 216 58
137 218 39
137 219 19
137 224 95
137 225 8
137 227 56
137 236 64
137 248 54
137 249 18
138 140 34
138 143 70
138 146 97
138 148 18
138 149 58
138 150 99
138 152 64
138 153 64
138 163 49
138 167 62
138 168 27
138 176 25
138 180 81
138 184 41
138 185 25
138 193 10
138 195 25
138 196 53
138 201 53
138 202 60
138 208 38
138 219 82
138 220 45
138 229 73
138 239 42
138 242 74
139 149 52
139 157 12
139 158 31
139 163 35
139 165 60
139 166 39
139 173 31
139 175 83
139 176 58
139 177 62
139 181 64
139 182 95
139 187 52
139 191 61
139 196 55
139 200 50
139 201 71
139 207 98
139 212 99
139 218 41
139 222 51
139 223 96
139 225 98
139 233 23
139 245 84
139 246 30
139 248 33
140 148 61
140 153 70
140 155 73
140 158 34
140 164 31
140 165 69
140 166 59
140 168 82
140 170 85
140 171 2
140 172 49
140 177 43
140 178 51
140 180 69
140 188 69
140 195 1
140 200 20
140 202 14
140 204 60
140 208 9
140 212 73
140 213 98
140 214 7
140 221 58
140 236 5
140 250 14
141 152 90
141 157 20
141 162 77
141 167 17
141 170 92
141 172 79
141 173 43
141 174 70
141 177 78
141 185 46
141 186 1
141 187 13
141 196 6
141 203 16
141 204 27
141 213 23
141 216 60
141 217 27
141 220 50
141 221 95
141 226 47
141 229 16
141 230 1
141 231 91
141 232 25
141 233 61
141 236 9
141 242 100
141 246 95
141 248 93
141 249 81
141 250 92
142 143 69
142 144 47
142 154 82
142 172 99
142 176 32
142 178 19
142 179 51
142 186 47
142 190 91
142 201 37
142 205 63
142 211 84
142 214 73
142 216 63
142 224 65
142 227 40
142 234 73
142 238 44
142 245 5
142 246 9
142 248 33
142 249 98
143 146 47
143 152 68
143 154 91
143 158 34
143 166 39
143 168 17
143 170 83
143 174 82
143 185 69
143 186 7
143 189 6
143 191 95
143 195 53
143 206 78
143 207 93
143 212 79
143 213 89
143 219 72
143 221 7
143 227 22
143 235 44
143 240 10
143 247 43
143 250 85
144 146 88
144 152 66
144 155 17
144 164 9
144 168 94
144 174 98
144 180 37
144 182 35
144 184 54
144 188 19
144 195 88
144 197 26
144 199 38
144 202 46
144 208 32
144 212 76
144 214 47
144 215 8
144 218 22
144 223 37
144 227 65
144 233 9
144 237 90
144 243 16
144 244 45
144 246 16
144 247 43
145 150 6
145 153 5
145 154 46
145 158 6
145 163 71
145 173 78
145 174 83
145 183 84
145 184 22
145 185 58
145 192 54
145 194 34
145 198 78
145 201 60
145 203 14
145 205 82
145 206 63
145 207 90
145 208 54
145 209 32
145 210 63
145 211 81
145 214 1
145 219 74
145 224 98
145 225 22
145 230 55
145 238 26
145 242 15
145 248 21
145 250 30
146 148 55
146 153 57
146 154 38
146 155 18
146 163 26
146 170 45
146 174 82
146 177 62
146 178 45
146 181 32
146 183 59
146 193 74
146 199 19
146 203 62
146 210 95
146 215 100
146 216 3
146 218 76
146 219 25
146 220 3
146 224 46
146 225 21
146 226 98
146 227 31
146 231 56
146 238 75
146 241 56
146 242 71
146 248 94
147 157 31
147 168 47
147 177 83
147 181 51
147 184 46
147 188 36
147 189 40
147 191 26
147 192 10
147 196 35
147 197 40
147 198 72
147 199 58
147 201 17
147 209 39
147 214 55
147 216 97
147 217 48
147 218 100
147 219 41
147 220 30
147 221 34
147 222 32
147 223 82
147 224 77
147 225 45
147 226 79
147 236 32
147 241 72
148 150 80
148 155 93
148 159 82
148 160 48
148 167 44
148 175 45
148 180 43
148 181 46
148 183 62
148 184 20
148 186 45
148 197 78
148 200 24
148 213 2
148 215 47
148 216 100
148 218 88
148 219 91
148 224 42
148 225 37
148 230 18
148 232 68
148 233 51
148 238 99
148 243 45
148 244 54
149 150 48
149 153 100
149 154 21
149 157 98
149 158 55
149 161 66
149 162 59
149 168 39
149 169 75
149 175 92
149 180 87
149 185 98
149 186 97
149 187 93
149 195 72
149 199 54
149 200 57
149 203 65
149 204 17
149 208 47
149 210 55
149 213 44
149 217 4
149 222 93
149 223 25
149 229 1
149 232 27
149 233 47
149 235 54
149 236 63
149 241 85
149 245 33
149 246 32
149 247 29
149 248 65
149 250 65
150 157 21
150 159 84
150 161 24
150 163 60
150 170 45
150 172 10
150 175 37
150 177 7
150 180 51
150 182 86
150 184 9
150 188 64
150 195 4
150 204 93
150 205 14
150 213 80
150 218 28
150 219 49
150 224 23
150 232 92
150 243 54
151 152 72
151 166 33
151 168 93
151 179 3
151 181 64
151 184 100
151 197 6
151 198 42
151 199 17
151 201 95
151 210 83
151 212 17
151 218 21
151 222 59
151 223 95
151 226 70
151 229 34
151 230 79
151 231 17
151 239 23
151 245 34
151 247 28
151 248 7
152 156 50
152 162 16
152 165 79
152 171 32
152 172 59
152 180 86
152 182 76
152 192 87
152 193 52
152 197 61
152 198 58
152 212 64
152 215 53
152 222 100
152 223 32
152 225 82
152 232 76
152 233 2
152 234 3
152 236 82
152 240 65
152 243 13
152 250 51
153 155 55
153 156 70
153 157 77
153 159 31
153 176 24
153 177 80
153 179 95
153 181 16
153 210 71
153 213 99
153 217 58
153 220 77
153 221 54
153 223 96
153 227 51
153 232 25
153 233 34
153 245 11
153 247 18
153 249 94
154 156 63
154 161 77
154 162 58
154 165 24
154 171 64
154 174 94
154 182 27
154 183 70
154 184 29
154 186 86
154 190 85
154 199 46
154 203 52
154 207 62
154 217 23
154 219 83
154 224 10
154 228 15
154 229 92
154 234 23
154 235 7
154 242 16
154 243 50
154 246 99
154 250 26
155 161 14
155 176 75
155 177 62
155 178 34
155 181 8
155 182 92
155 184 48
155 185 88
155 189 39
155 191 73
155 192 88
155 196 15
155 197 87
155 204 34
155 205 61
155 206 19
155 207 48
155 209 75
155 211 45
155 215 97
155 218 79
155 221 86
155 223 10
155 232 57
155 235 41
155 238 24
155 240 40
156 160 62
156 162 78
156 165 66
156 167 37
156 170 69
156 173 92
156 174 47
156 178 86
156 180 54
156 187 24
156 188 84
156 190 21
156 197 79
156 198 59
156 199 52
156 204 42
156 207 15
156 215 40
156 216 7
156 217 26
156 222 96
156 227 22
156 231 4
156 238 12
156 244 90
156 248 40
156 249 26
156 250 16
157 165 96
157 167 75
157 173 82
157 175 71
157 182 30
157 183 2
157 184 54
157 188 35
157 192 41
157 197 11
157 202 73
157 204 30
157 205 55
157 207 26
157 208 45
157 221 75
157 223 72
157 225 38
157 226 49
157 234 33
157 236 81
157 240 66
157 243 7
157 248 79
158 165 69
158 168 72
158 169 81
158 172 93
158 176 9
158 178 87
158 181 59
158 184 53
158 189 25
158 191 96
158 192 57
158 197 60
158 198 27
158 199 4
158 201 48
158 204 45
158 216 43
158 220 79
158 227 91
158 232 64
158 234 45
158 235 46
158 242 57
159 162 90
159 165 53
159 170 66
159 175 15
159 180 79
159 190 2
159 195 65
159 205 71
159 213 47
159 217 48
159 221 19
159 224 43
159 225 39
159 237 45
159 238 55
159 242 2
159 247 24
159 250 72
160 161 5
160 164 19
160 179 6
160 180 85
160 188 33
160 190 37
160 194 8
160 198 48
160 199 68
160 201 86
160 203 55
160 212 62
160 221 25
160 225 92
160 226 3
160 232 24
160 235 8
160 238 35
160 241 33
160 242 30
160 246 52
161 162 71
161 166 27
161 169 5
161 172 21
161 179 9
161 184 28
161 190 59
161 195 92
161 199 88
161 201 23
161 207 54
161 209 33
161 211 27
161 212 8
161 217 6
161 219 1
161 220 47
161 221 94
161 225 83
161 227 27
161 229 58
161 232 54
161 233 86
161 234 18
161 235 72
161 237 30
161 238 23
161 240 21
161 243 21
161 250 92
162 168 99
162 170 8
162 174 97
162 175 99
162 181 18
162 187 91
162 189 74
162 190 75
162 192 40
162 193 70
162 202 93
162 206 23
162 208 22
162 217 65
162 218 17
162 233 41
162 239 25
162 241 79
162 242 30
162 248 15
162 249 86
163 164 20
163 165 53
163 167 4
163 174 3
163 178 86
163 180 12
163 182 85
163 184 58
163 187 56
163 188 29
163 192 61
163 194 38
163 196 92
163 198 59
163 199 38
163 200 38
163 202 91
163 208 19
163 209 94
163 214 50
163 215 66
163 224 96
163 226 54
163 233 27
163 235 74
163 236 2
163 244 67
163 248 76
163 249 10
164 165 99
164 166 70
164 168 24
164 169 49
164 179 72
164 190 8
164 191 83
164 193 4
164 196 81
164 197 77
164 221 83
164 226 15
164 229 37
164 236 7
164 237 60
164 240 30
164 242 72
164 248 91
165 172 62
165 175 50
165 183 16
165 189 36
165 196 15
165 198 76
165 203 13
165 210 28
165 211 54
165 214 30
165 224 8
165 239 95
165 242 22
165 246 63
165 250 15
166 171 36
166 172 58
166 173 46
166 175 78
166 186 88
166 189 38
166 191 43
166 193 92
166 197 7
166 201 26
166 203 55
166 204 16
166 208 54
166 209 61
166 210 17
166 212 32
166 226 91
166 227 70
166 228 83
166 231 74
166 245 2
166 250 38
167 169 53
167 178 56
167 180 40
167 183 23
167 189 23
167 190 56
167 193 36
167 195 98
167 198 95
167 199 63
167 212 69
167 226 11
167 227 37
167 230 20
167 232 58
167 234 18
167 237 46
167 239 87
167 243 71
167 244 30
167 250 80
168 169 55
168 177 41
168 181 88
168 182 58
168 183 11
168 184 78
168 194 82
168 195 92
168 200 84
168 206 61
168 208 23
168 218 52
168 221 27
168 224 100
168 228 6
168 231 100
168 232 73
168 235 59
168 239 82
168 245 58
168 246 47
168 248 57
168 249 55
169 177 82
169 178 29
169 180 3
169 181 88
169 184 31
169 186 41
169 187 23
169 192 42
169 197 69
169 199 50
169 204 67
169 208 39
169 212 55
169 223 25
169 224 23
169 226 26
169 238 51
169 239 44
169 240 8
169 250 20
170 174 38
170 198 97
170 203 19
170 213 47
170 217 43
170 218 52
170 219 3
170 221 82
170 230 1
170 232 15
170 239 15
170 247 38
170 249 89
171 176 4
171 179 30
171 182 9
171 184 86
171 188 33
171 196 69
171 202 63
171 213 19
171 214 79
171 223 6
171 224 46
171 227 84
171 231 51
171 232 78
171 235 71
171 241 16
171 242 93
171 243 42
171 245 47
171 247 66
171 249 49
172 173 64
172 174 17
172 178 90
172 181 93
172 193 48
172 196 54
172 201 98
172 207 32
172 209 75
172 217 56
172 219 61
172 220 38
172 228 69
172 229 27
172 230 23
172 232 82
172 236 71
172 242 68
172 246 63
172 248 99
173 187 80
173 191 30
173 193 99
173 195 62
173 198 1
173 200 33
173 201 11
173 202 73
173 207 73
173 209 53
173 225 63
173 232 70
173 234 95
173 235 41
173 240 40
173 244 31
174 179 27
174 183 5
174 190 10
174 193 17
174 203 64
174 208 37
174 212 76
174 213 11
174 224 35
174 226 68
174 237 91
174 240 32
174 242 3
175 177 38
175 179 13
175 184 21
175 185 46
175 187 68
175 192 2
175 198 64
175 200 34
175 201 47
175 208 34
175 211 45
175 213 63
175 215 88
175 217 59
175 226 32
175 237 24
175 239 86
175 242 17
175 248 81
175 249 100
175 250 28
176 178 64
176 185 75
176 197 98
176 198 88
176 204 68
176 206 91
176 211 58
176 215 11
176 216 10
176 218 37
176 224 55
176 225 66
176 232 43
176 233 13
176 238 16
176 241 57
176 243 95
176 244 51
176 249 82
177 180 83
177 183 5
177 185 25
177 189 65
177 190 90
177 191 59
177 193 33
177 194 20
177 195 21
177 198 18
177 200 27
177 202 59
177 203 71
177 210 29
177 213 66
177 214 67
177 218 82
177 219 54
177 222 56
177 223 15
177 224 69
177 231 28
177 237 93
177 246 92
178 193 100
178 200 21
178 205 69
178 206 73
178 208 15
178 214 58
178 216 94
178 218 23
178 219 10
178 226 63
178 235 99
178 237 46
178 240 66
178 247 8
178 248 86
178 249 56
178 250 22
179 186 63
179 187 72
179 188 28
179 189 54
179 190 91
179 191 38
179 199 80
179 200 66
179 208 100
179 210 71
179 212 39
179 216 100
179 218 87
179 220 81
179 222 60
179 226 82
179 231 59
179 232 33
179 240 46
179 244 77
179 249 69
180 181 3
180 182 17
180 188 53
180 189 98
180 190 60
180 193 89
180 194 96
180 195 82
180 198 63
180 199 90
180 202 34
180 203 83
180 205 11
180 206 23
180 213 74
180 215 41
180 216 75
180 219 94
180 221 84
180 223 49
180 224 24
180 230 68
180 231 47
180 233 92
180 234 75
180 235 60
180 237 34
180 247 51
180 250 91
181 191 71
181 195 3
181 199 84
181 200 80
181 201 47
181 203 99
181 208 91
181 209 21
181 211 17
181 213 39
181 219 77
181 221 60
181 222 49
181 224 96
181 231 86
181 234 47
181 235 53
181 239 19
181 242 56
182 183 100
182 187 100
182 195 29
182 200 23
182 203 47
182 205 96
182 212 96
182 215 23
182 222 100
182 236 2
182 240 31
182 242 6
182 244 65
182 245 51
183 184 8
183 186 87
183 187 14
183 191 89
183 195 23
183 197 34
183 200 89
183 201 58
183 207 100
183 212 59
183 221 35
183 228 3
183 231 33
183 245 76
184 185 33
184 204 39
184 207 63
184 216 21
184 220 67
184 228 33
184 240 51
184 245 61
184 247 27
185 195 78
185 199 49
185 201 99
185 202 83
185 203 42
185 208 67
185 210 47
185 212 81
185 216 97
185 228 49
185 237 51
185 242 42
185 243 19
185 244 46
185 245 43
186 188 93
186 191 31
186 193 72
186 197 37
186 198 32
186 206 77
186 217 78
186 219 50
186 228 3
186 230 90
186 231 30
186 235 81
186 238 86
186 239 19
186 245 42
186 248 13
187 190 57
187 192 38
187 194 83
187 200 48
187 211 64
187 215 77
187 216 55
187 219 100
187 223 15
187 225 62
187 230 29
187 232 79
187 234 42
187 239 47
187 246 48
187 249 86
188 190 40
188 191 17
188 193 19
188 198 75
188 200 92
188 211 54
188 213 43
188 218 88
188 227 97
188 229 96
188 232 46
188 236 8
188 245 26
188 248 62
189 195 96
189 197 42
189 200 64
189 201 10
189 202 16
189 218 38
189 225 16
189 227 82
189 236 9
189 240 86
189 250 73
190 198 7
190 199 51
190 202 89
190 203 75
190 206 38
190 207 44
190 211 18
190 222 41
190 224 21
190 229 49
190 230 74
190 233 81
190 235 39
190 237 20
190 247 15
191 200 3
191 201 9
191 209 19
191 214 22
191 215 19
191 216 74
191 222 66
191 225 92
191 227 54
191 228 46
191 235 51
191 238 76
191 241 12
191 247 56
192 208 90
192 210 91
192 212 7
192 214 35
192 215 21
192 220 72
192 221 40
192 222 45
192 233 70
192 238 11
192 240 32
192 241 11
192 243 76
192 245 68
192 247 15
193 200 63
193 201 32
193 208 61
193 210 24
193 218 97
193 219 12
193 221 92
193 231 77
193 237 25
193 239 13
193 242 85
193 244 97
193 245 17
194 196 84
194 201 26
194 207 99
194 212 42
194 225 40
194 229 95
194 233 30
194 241 72
194 243 68
194 244 65
194 246 10
194 248 74
194 250 33
195 201 98
195 203 4
195 215 37
195 216 12
195 220 88
195 233 77
195 235 7
195 239 87
195 241 8
195 246 31
195 247 68
195 250 59
196 198 1
196 199 64
196 200 82
196 214 18
196 216 1
196 220 56
196 230 72
196 231 50
196 233 52
196 235 12
196 245 61
197 198 93
197 199 86
197 201 57
197 204 64
197 207 41
197 208 72
197 209 34
197 210 53
197 215 23
197 219 30
197 220 59
197 224 88
197 229 23
197 237 22
197 249 56
198 201 75
198 208 77
198 214 3
198 216 1
198 217 49
198 218 14
198 220 84
198 221 3
198 223 62
198 224 55
198 231 70
198 234 8
198 236 49
198 242 24
198 243 8
199 201 29
199 203 68
199 213 8
199 216 25
199 220 63
199 221 1
199 223 7
199 233 31
199 242 87
199 245 83
199 249 98
200 208 21
200 212 76
200 213 40
200 214 73
200 216 11
200 222 12
200 225 96
200 226 84
200 237 46
200 242 32
200 245 53
200 248 13
200 249 72
200 250 23
201 204 24
201 210 25
201 216 60
201 218 96
201 220 66
201 232 52
201 234 94
201 240 1
201 245 68
201 246 26
201 250 25
202 214 32
202 219 13
202 221 19
202 226 62
202 228 38
202 229 21
202 240 16
202 248 92
203 204 90
203 205 74
203 216 58
203 217 41
203 220 11
203 223 58
203 225 1
203 228 89
203 234 86
203 237 19
203 242 7
203 246 6
203 248 71
203 250 70
204 205 67
204 210 64
204 213 89
204 218 89
204 219 70
204 228 61
204 235 85
204 239 67
204 249 62
205 207 99
205 208 89
205 210 68
205 214 92
205 216 22
205 221 68
205 222 3
205 230 12
205 232 1
205 239 11
205 241 33
205 243 73
205 244 24
205 246 26
205 250 11
206 208 20
206 217 24
206 219 55
206 223 67
206 226 18
206 227 32
206 232 3
206 234 94
206 235 5
206 237 73
206 238 55
206 242 86
206 245 79
206 246 94
206 249 67
206 250 32
207 212 41
207 213 33
207 218 42
207 219 99
207 224 37
207 232 25
207 233 94
207 245 40
207 248 33
208 217 21
208 219 35
208 223 99
208 227 66
208 230 77
208 231 47
208 235 42
208 237 38
208 238 41
208 242 19
208 244 8
208 248 91
208 249 30
209 218 24
209 227 45
209 228 77
209 229 71
209 231 83
209 233 65
209 234 48
209 238 26
209 239 62
209 243 50
209 247 39
209 249 15
210 211 85
210 214 18
210 225 40
210 228 31
210 234 10
210 236 75
210 240 69
210 249 15
211 212 48
211 214 31
211 218 56
211 225 6
211 227 51
211 232 64
211 236 89
211 238 64
211 240 34
211 247 84
211 249 90
212 216 86
212 218 49
212 224 81
212 232 79
212 235 61
212 236 4
212 240 18
212 248 80
212 249 41
213 222 81
213 227 34
213 232 43
213 236 94
213 241 81
213 242 57
213 244 4
213 245 43
213 249 96
213 250 54
214 221 17
214 224 49
214 231 54
214 237 56
215 218 24
215 232 16
215 233 61
215 236 89
215 238 26
215 239 62
215 243 16
215 247 17
216 233 33
216 234 94
216 237 99
216 239 73
216 241 20
216 245 44
217 221 45
217 222 82
217 228 51
217 231 7
217 240 76
217 245 99
217 248 81
217 249 96
218 222 16
218 225 51
218 226 52
218 228 81
218 232 13
218 233 65
218 236 40
218 238 72
218 239 66
218 245 75
218 246 85
218 247 76
219 220 88
219 221 63
219 225 23
219 226 20
219 227 34
219 234 27
219 237 39
219 238 78
219 239 90
219 242 79
219 245 63
219 246 25
219 250 13
220 225 7
220 230 72
220 235 98
220 240 44
220 249 100
220 250 97
221 223 46
221 232 48
221 234 29
221 247 31
222 225 55
222 230 92
222 232 100
222 238 94
222 239 45
222 242 44
222 246 83
222 247 36
223 229 1
223 231 4
223 232 7
223 236 36
223 238 89
223 244 91
223 247 60
223 250 32
224 231 50
224 233 50
224 239 71
224 248 74
225 226 94
225 230 26
225 235 70
225 238 75
225 245 100
225 248 39
225 249 96
226 227 8
226 230 59
226 233 37
226 234 27
226 236 84
226 237 3
226 238 85
226 241 68
226 245 78
226 247 25
226 249 58
227 230 49
227 232 67
227 242 54
227 244 93
227 245 29
227 247 95
228 229 36
228 231 1
228 232 48
228 234 99
228 244 30
228 246 50
228 249 67
229 230 35
229 232 87
229 241 85
229 246 45
230 232 20
230 233 26
230 235 60
230 243 49
230 245 51
230 247 23
230 249 35
231 235 24
232 233 59
232 240 68
232 247 62
232 248 15
232 250 88
233 236 100
233 239 20
233 241 20
233 243 19
233 244 7
233 248 86
234 235 8
234 236 8
234 237 12
234 241 72
234 247 30
235 238 38
235 241 57
235 242 4
235 244 60
235 245 83
235 249 60
236 238 13
236 249 52
237 243 48
238 239 96
238 240 66
238 244 18
238 249 20
239 241 94
239 244 44
239 248 66
239 249 96
240 245 83
240 250 52
241 242 24
241 243 3
241 248 69
241 249 14
242 244 11
242 246 81
242 249 95
243 249 7
244 249 35
245 247 64
246 247 58
248 249 72
248 250 85
